
GA4E Routines Demo

PrintlnMV Demo
r = ( 3.000e+00,
   5.000e+00, 7.000e+00, 1.100e+01, 1.300e+01,
   1.700e+01, 1.900e+01, 2.300e+01,  2.900e+01, 3.100e+01, 3.700e+01,
   4.100e+01, 4.300e+01, 4.700e+01, 5.300e+01,
  5.900e+01) 

PrintMV Demo
r = ( 3.000e+00,   5.000e+00, 7.000e+00, 1.100e+01, 1.300e+01,   1.700e+01, 1.900e+01, 2.300e+01,  2.900e+01, 3.100e+01, 3.700e+01,   4.100e+01, 4.300e+01, 4.700e+01, 5.300e+01,  5.900e+01) 

OverBar Demo
r =              ( 3.000e+00,   5.000e+00, 7.000e+00, 1.100e+01, 1.300e+01,   1.700e+01, 1.900e+01, 2.300e+01,  2.900e+01, 3.100e+01, 3.700e+01,   4.100e+01, 4.300e+01, 4.700e+01, 5.300e+01,  5.900e+01) 
u = OverBar(r) = ( 5.900e+01,  -5.300e+01, 4.700e+01,-4.300e+01, 4.100e+01,   3.700e+01,-3.100e+01, 2.900e+01,  2.300e+01,-1.900e+01, 1.700e+01,  -1.300e+01, 1.100e+01,-7.000e+00, 5.000e+00,  3.000e+00) 
Determinant is conserved
s = r*u =       (-8.120e+02,   0.000e+00, 0.000e+00, 0.000e+00, 0.000e+00,   0.000e+00, 0.000e+00, 0.000e+00,  0.000e+00, 0.000e+00, 0.000e+00,   6.120e+02, 9.720e+02, 4.492e+03, 1.572e+04,  1.675e+04) 

UnderBar Demo
r =               ( 3.000e+00,   5.000e+00, 7.000e+00, 1.100e+01, 1.300e+01,   1.700e+01, 1.900e+01, 2.300e+01,  2.900e+01, 3.100e+01, 3.700e+01,   4.100e+01, 4.300e+01, 4.700e+01, 5.300e+01,  5.900e+01) 
u = UnderBar(r) = ( 5.900e+01,   5.300e+01,-4.700e+01, 4.300e+01,-4.100e+01,   3.700e+01,-3.100e+01, 2.900e+01,  2.300e+01,-1.900e+01, 1.700e+01,   1.300e+01,-1.100e+01, 7.000e+00,-5.000e+00,  3.000e+00) 
Determinant is conserved
s = r*u =        (-1.308e+03,  -1.868e+03,-1.596e+03,-1.676e+03,-1.716e+03,   0.000e+00, 0.000e+00, 0.000e+00,  0.000e+00, 0.000e+00, 0.000e+00,   0.000e+00, 0.000e+00, 0.000e+00, 0.000e+00, -1.072e+03) 
t = OverBar(UnderBar(r)) =        ( 3.000e+00,   5.000e+00, 7.000e+00, 1.100e+01, 1.300e+01,   1.700e+01, 1.900e+01, 2.300e+01,  2.900e+01, 3.100e+01, 3.700e+01,   4.100e+01, 4.300e+01, 4.700e+01, 5.300e+01,  5.900e+01) 

Reverse Demo
r =               ( 3.000e+00,   5.000e+00, 7.000e+00, 1.100e+01, 1.300e+01,   1.700e+01, 1.900e+01, 2.300e+01,  2.900e+01, 3.100e+01, 3.700e+01,   4.100e+01, 4.300e+01, 4.700e+01, 5.300e+01,  5.900e+01) 
u = Reverse(r) = ( 3.000e+00,   5.000e+00, 7.000e+00, 1.100e+01, 1.300e+01,  -1.700e+01,-1.900e+01,-2.300e+01, -2.900e+01,-3.100e+01,-3.700e+01,  -4.100e+01,-4.300e+01,-4.700e+01,-5.300e+01,  5.900e+01) 
Determinant is conserved
s = r*u =        ( 1.675e+04,   1.572e+04,-4.492e+03, 9.720e+02,-6.120e+02,   0.000e+00, 0.000e+00, 0.000e+00,  0.000e+00, 0.000e+00, 0.000e+00,   0.000e+00, 0.000e+00, 0.000e+00, 0.000e+00, -8.120e+02) 
t = Reverse(Reverse(r)) =        ( 3.000e+00,   5.000e+00, 7.000e+00, 1.100e+01, 1.300e+01,   1.700e+01, 1.900e+01, 2.300e+01,  2.900e+01, 3.100e+01, 3.700e+01,   4.100e+01, 4.300e+01, 4.700e+01, 5.300e+01,  5.900e+01) 

Involution Demo
r =               ( 3.000e+00,   5.000e+00, 7.000e+00, 1.100e+01, 1.300e+01,   1.700e+01, 1.900e+01, 2.300e+01,  2.900e+01, 3.100e+01, 3.700e+01,   4.100e+01, 4.300e+01, 4.700e+01, 5.300e+01,  5.900e+01) 
u = Involution(r) = ( 3.000e+00,  -5.000e+00,-7.000e+00,-1.100e+01,-1.300e+01,   1.700e+01, 1.900e+01, 2.300e+01,  2.900e+01, 3.100e+01, 3.700e+01,  -4.100e+01,-4.300e+01,-4.700e+01,-5.300e+01,  5.900e+01) 
Determinant is conserved
s = r*u =        ( 7.324e+03,   4.844e+03,-6.688e+03, 4.624e+03,-3.300e+03,  -6.284e+03, 3.124e+03,-5.072e+03, -9.040e+02, 3.164e+03,-2.996e+03,  -4.876e+03, 4.184e+03,-3.192e+03, 2.932e+03,  1.768e+03) 
t = Involution(Involution(r)) =        ( 3.000e+00,   5.000e+00, 7.000e+00, 1.100e+01, 1.300e+01,   1.700e+01, 1.900e+01, 2.300e+01,  2.900e+01, 3.100e+01, 3.700e+01,   4.100e+01, 4.300e+01, 4.700e+01, 5.300e+01,  5.900e+01) 

Transpose Demo
r =               ( 3.000e+00,   5.000e+00, 7.000e+00, 1.100e+01, 1.300e+01,   1.700e+01, 1.900e+01, 2.300e+01,  2.900e+01, 3.100e+01, 3.700e+01,   4.100e+01, 4.300e+01, 4.700e+01, 5.300e+01,  5.900e+01) 
u = Transpose(r) = ( 3.000e+00,   5.000e+00, 7.000e+00, 1.100e+01, 1.300e+01,  -1.700e+01,-1.900e+01,-2.300e+01, -2.900e+01,-3.100e+01,-3.700e+01,  -4.100e+01,-4.300e+01,-4.700e+01,-5.300e+01,  5.900e+01) 
Determinant is conserved
s = r*u =        ( 1.675e+04,   1.572e+04,-4.492e+03, 9.720e+02,-6.120e+02,   0.000e+00, 0.000e+00, 0.000e+00,  0.000e+00, 0.000e+00, 0.000e+00,   0.000e+00, 0.000e+00, 0.000e+00, 0.000e+00, -8.120e+02) 
t = Transpose(Transpose(r)) =        ( 3.000e+00,   5.000e+00, 7.000e+00, 1.100e+01, 1.300e+01,   1.700e+01, 1.900e+01, 2.300e+01,  2.900e+01, 3.100e+01, 3.700e+01,   4.100e+01, 4.300e+01, 4.700e+01, 5.300e+01,  5.900e+01) 

Conjugation Demo
r =               ( 3.000e+00,   5.000e+00, 7.000e+00, 1.100e+01, 1.300e+01,   1.700e+01, 1.900e+01, 2.300e+01,  2.900e+01, 3.100e+01, 3.700e+01,   4.100e+01, 4.300e+01, 4.700e+01, 5.300e+01,  5.900e+01) 
u = Conjugation(r) = ( 3.000e+00,  -5.000e+00,-7.000e+00,-1.100e+01,-1.300e+01,  -1.700e+01,-1.900e+01,-2.300e+01, -2.900e+01,-3.100e+01,-3.700e+01,  -4.100e+01,-4.300e+01,-4.700e+01,-5.300e+01, -5.900e+01) 
Determinant is not conserved
s = r*u =        ( 9.062e+03,   8.030e+03,-1.300e+02,-4.618e+03, 5.686e+03,   2.346e+03,-4.306e+03, 1.634e+03,  4.350e+03,-1.506e+03, 7.940e+02,  -3.380e+02,-3.460e+02,-2.260e+02,-4.340e+02, -1.414e+03) 
t = Conjugation(Conjugation(r)) =        ( 3.000e+00,   5.000e+00, 7.000e+00, 1.100e+01, 1.300e+01,   1.700e+01, 1.900e+01, 2.300e+01,  2.900e+01, 3.100e+01, 3.700e+01,   4.100e+01, 4.300e+01, 4.700e+01, 5.300e+01,  5.900e+01) 

CliffordConjugation Demo
r =               ( 3.000e+00,   5.000e+00, 7.000e+00, 1.100e+01, 1.300e+01,   1.700e+01, 1.900e+01, 2.300e+01,  2.900e+01, 3.100e+01, 3.700e+01,   4.100e+01, 4.300e+01, 4.700e+01, 5.300e+01,  5.900e+01) 
u = CliffordConjugation(r) = ( 3.000e+00,  -5.000e+00,-7.000e+00,-1.100e+01,-1.300e+01,  -1.700e+01,-1.900e+01,-2.300e+01, -2.900e+01,-3.100e+01,-3.700e+01,   4.100e+01, 4.300e+01, 4.700e+01, 5.300e+01,  5.900e+01) 
Determinant is conserved
s = r*u =        (-1.072e+03,   0.000e+00, 0.000e+00, 0.000e+00, 0.000e+00,   0.000e+00, 0.000e+00, 0.000e+00,  0.000e+00, 0.000e+00, 0.000e+00,   1.716e+03,-1.676e+03, 1.596e+03,-1.868e+03, -1.308e+03) 
t = CliffordConjugation(CliffordConjugation(r)) =        ( 3.000e+00,   5.000e+00, 7.000e+00, 1.100e+01, 1.300e+01,   1.700e+01, 1.900e+01, 2.300e+01,  2.900e+01, 3.100e+01, 3.700e+01,   4.100e+01, 4.300e+01, 4.700e+01, 5.300e+01,  5.900e+01) 

Dual Demo
r =               ( 3.000e+00,   5.000e+00, 7.000e+00, 1.100e+01, 1.300e+01,   1.700e+01, 1.900e+01, 2.300e+01,  2.900e+01, 3.100e+01, 3.700e+01,   4.100e+01, 4.300e+01, 4.700e+01, 5.300e+01,  5.900e+01) 
u = Dual(r) = ( 5.900e+01,   5.300e+01,-4.700e+01, 4.300e+01,-4.100e+01,  -3.700e+01, 3.100e+01,-2.900e+01, -2.300e+01, 1.900e+01,-1.700e+01,  -1.300e+01, 1.100e+01,-7.000e+00, 5.000e+00,  3.000e+00) 
Determinant is conserved
s = r*u =        ( 1.768e+03,   7.520e+02,-5.080e+02, 6.040e+02,-5.840e+02,   5.720e+02, 1.692e+03, 4.176e+03,  1.496e+03, 4.420e+03, 2.244e+03,   5.608e+03, 4.684e+03,-1.720e+02,-8.000e+03, -9.044e+03) 
t = Dual(Dual(r)) =        ( 3.000e+00,   5.000e+00, 7.000e+00, 1.100e+01, 1.300e+01,   1.700e+01, 1.900e+01, 2.300e+01,  2.900e+01, 3.100e+01, 3.700e+01,   4.100e+01, 4.300e+01, 4.700e+01, 5.300e+01,  5.900e+01) 

DorstDual Demo
r =               ( 3.000e+00,   5.000e+00, 7.000e+00, 1.100e+01, 1.300e+01,   1.700e+01, 1.900e+01, 2.300e+01,  2.900e+01, 3.100e+01, 3.700e+01,   4.100e+01, 4.300e+01, 4.700e+01, 5.300e+01,  5.900e+01) 
u = Reverse(r) = ( 5.900e+01,   5.300e+01,-4.700e+01, 4.300e+01,-4.100e+01,  -3.700e+01, 3.100e+01,-2.900e+01, -2.300e+01, 1.900e+01,-1.700e+01,  -1.300e+01, 1.100e+01,-7.000e+00, 5.000e+00,  3.000e+00) 
Determinant is conserved
s = r*u =        ( 1.768e+03,   7.520e+02,-5.080e+02, 6.040e+02,-5.840e+02,   5.720e+02, 1.692e+03, 4.176e+03,  1.496e+03, 4.420e+03, 2.244e+03,   5.608e+03, 4.684e+03,-1.720e+02,-8.000e+03, -9.044e+03) 

DorstUnDual Demo
r =               ( 3.000e+00,   5.000e+00, 7.000e+00, 1.100e+01, 1.300e+01,   1.700e+01, 1.900e+01, 2.300e+01,  2.900e+01, 3.100e+01, 3.700e+01,   4.100e+01, 4.300e+01, 4.700e+01, 5.300e+01,  5.900e+01) 
u = DorstUnDual(r) = ( 5.900e+01,   5.300e+01,-4.700e+01, 4.300e+01,-4.100e+01,  -3.700e+01, 3.100e+01,-2.900e+01, -2.300e+01, 1.900e+01,-1.700e+01,  -1.300e+01, 1.100e+01,-7.000e+00, 5.000e+00,  3.000e+00) 
Determinant is conserved
s = r*u =        ( 1.768e+03,   7.520e+02,-5.080e+02, 6.040e+02,-5.840e+02,   5.720e+02, 1.692e+03, 4.176e+03,  1.496e+03, 4.420e+03, 2.244e+03,   5.608e+03, 4.684e+03,-1.720e+02,-8.000e+03, -9.044e+03) 
DorstUnDual(DorstDual(r)) = ( 3.000e+00,   5.000e+00, 7.000e+00, 1.100e+01, 1.300e+01,   1.700e+01, 1.900e+01, 2.300e+01,  2.900e+01, 3.100e+01, 3.700e+01,   4.100e+01, 4.300e+01, 4.700e+01, 5.300e+01,  5.900e+01) 
DorstDual(DorstUnDual(r)) = ( 3.000e+00,   5.000e+00, 7.000e+00, 1.100e+01, 1.300e+01,   1.700e+01, 1.900e+01, 2.300e+01,  2.900e+01, 3.100e+01, 3.700e+01,   4.100e+01, 4.300e+01, 4.700e+01, 5.300e+01,  5.900e+01) 

  r = ( 3.000e+00,   5.000e+00, 7.000e+00, 1.100e+01, 1.300e+01,   1.700e+01, 1.900e+01, 2.300e+01,  2.900e+01, 3.100e+01, 3.700e+01,   4.100e+01, 4.300e+01, 4.700e+01, 5.300e+01,  5.900e+01) 
  s = ( 6.100e+01,   6.700e+01, 7.100e+01, 7.300e+01, 7.900e+01,   8.300e+01, 8.900e+01, 9.700e+01,  1.010e+02, 1.030e+02, 1.070e+02,   1.090e+02, 1.130e+02, 1.270e+02, 1.310e+02,  1.370e+02) 
r+s = ( 6.400e+01,   7.200e+01, 7.800e+01, 8.400e+01, 9.200e+01,   1.000e+02, 1.080e+02, 1.200e+02,  1.300e+02, 1.340e+02, 1.440e+02,   1.500e+02, 1.560e+02, 1.740e+02, 1.840e+02,  1.960e+02) 

  r = ( 3.000e+00,   5.000e+00, 7.000e+00, 1.100e+01, 1.300e+01,   1.700e+01, 1.900e+01, 2.300e+01,  2.900e+01, 3.100e+01, 3.700e+01,   4.100e+01, 4.300e+01, 4.700e+01, 5.300e+01,  5.900e+01) 
  s = ( 6.100e+01,   6.700e+01, 7.100e+01, 7.300e+01, 7.900e+01,   8.300e+01, 8.900e+01, 9.700e+01,  1.010e+02, 1.030e+02, 1.070e+02,   1.090e+02, 1.130e+02, 1.270e+02, 1.310e+02,  1.370e+02) 
r-s = (-5.800e+01,  -6.200e+01,-6.400e+01,-6.200e+01,-6.600e+01,  -6.600e+01,-7.000e+01,-7.400e+01, -7.200e+01,-7.200e+01,-7.000e+01,  -6.800e+01,-7.000e+01,-8.000e+01,-7.800e+01, -7.800e+01) 

r = ( 3.000e+00,   5.000e+00, 7.000e+00, 1.100e+01, 1.300e+01,   1.700e+01, 1.900e+01, 2.300e+01,  2.900e+01, 3.100e+01, 3.700e+01,   4.100e+01, 4.300e+01, 4.700e+01, 5.300e+01,  5.900e+01) 
s = ( 6.100e+01,   6.700e+01, 7.100e+01, 7.300e+01, 7.900e+01,   8.300e+01, 8.900e+01, 9.700e+01,  1.010e+02, 1.030e+02, 1.070e+02,   1.090e+02, 1.130e+02, 1.270e+02, 1.310e+02,  1.370e+02) 
t = ( 6.100e+01,   6.700e+01, 7.100e+01, 7.300e+01, 7.900e+01,   8.300e+01, 8.900e+01, 9.700e+01,  1.010e+02, 1.030e+02, 1.070e+02,   1.090e+02, 1.130e+02, 1.270e+02, 1.310e+02,  1.370e+02) 
r != s (as expected)
s == t (as expected)

r = ( 3.000e+00,   5.000e+00, 7.000e+00, 1.100e+01, 1.300e+01,   1.700e+01, 1.900e+01, 2.300e+01,  2.900e+01, 3.100e+01, 3.700e+01,   4.100e+01, 4.300e+01, 4.700e+01, 5.300e+01,  5.900e+01) 
s = ( 6.100e+01,   6.700e+01, 7.100e+01, 7.300e+01, 7.900e+01,   8.300e+01, 8.900e+01, 9.700e+01,  1.010e+02, 1.030e+02, 1.070e+02,   1.090e+02, 1.130e+02, 1.270e+02, 1.310e+02,  1.370e+02) 
t = ( 6.100e+01,   6.700e+01, 7.100e+01, 7.300e+01, 7.900e+01,   8.300e+01, 8.900e+01, 9.700e+01,  1.010e+02, 1.030e+02, 1.070e+02,   1.090e+02, 1.130e+02, 1.270e+02, 1.310e+02,  1.370e+02) 
r != s (as expected)
s == t (as expected)

r = ( 3.000e+00,   5.000e+00, 7.000e+00, 1.100e+01, 1.300e+01,   1.700e+01, 1.900e+01, 2.300e+01,  2.900e+01, 3.100e+01, 3.700e+01,   4.100e+01, 4.300e+01, 4.700e+01, 5.300e+01,  5.900e+01) 
s = ( 6.100e+01,   6.700e+01, 7.100e+01, 7.300e+01, 7.900e+01,   8.300e+01, 8.900e+01, 9.700e+01,  1.010e+02, 1.030e+02, 1.070e+02,   1.090e+02, 1.130e+02, 1.270e+02, 1.310e+02,  1.370e+02) 
u = r*s = (-2.673e+04,  -2.209e+04, 5.514e+03, 1.256e+04,-2.284e+04,  -2.300e+02, 1.309e+04, 1.082e+03, -1.763e+04, 7.466e+03, 5.090e+03,   6.846e+03, 3.354e+03, 7.478e+03, 4.458e+03,  8.798e+03) 

r = ( 3.000e+00,   5.000e+00, 7.000e+00, 1.100e+01, 1.300e+01,   1.700e+01, 1.900e+01, 2.300e+01,  2.900e+01, 3.100e+01, 3.700e+01,   4.100e+01, 4.300e+01, 4.700e+01, 5.300e+01,  5.900e+01) 
u = r/2 = ( 1.500e+00,   2.500e+00, 3.500e+00, 5.500e+00, 6.500e+00,   8.500e+00, 9.500e+00, 1.150e+01,  1.450e+01, 1.550e+01, 1.850e+01,   2.050e+01, 2.150e+01, 2.350e+01, 2.650e+01,  2.950e+01) 

r = ( 3.000e+00,   5.000e+00, 7.000e+00, 1.100e+01, 1.300e+01,   1.700e+01, 1.900e+01, 2.300e+01,  2.900e+01, 3.100e+01, 3.700e+01,   4.100e+01, 4.300e+01, 4.700e+01, 5.300e+01,  5.900e+01) 
s = ( 6.100e+01,   6.700e+01, 7.100e+01, 7.300e+01, 7.900e+01,   8.300e+01, 8.900e+01, 9.700e+01,  1.010e+02, 1.030e+02, 1.070e+02,   1.090e+02, 1.130e+02, 1.270e+02, 1.310e+02,  1.370e+02) 
u = Wedge(r, s) = ( 1.830e+02,   5.060e+02, 6.400e+02, 8.900e+02, 1.030e+03,   1.172e+03, 1.054e+03, 1.424e+03,  1.596e+03, 1.830e+03, 2.498e+03,   5.036e+03, 5.210e+03, 5.692e+03, 6.684e+03,  8.798e+03) 

r = ( 3.000e+00,   5.000e+00, 7.000e+00, 1.100e+01, 1.300e+01,   1.700e+01, 1.900e+01, 2.300e+01,  2.900e+01, 3.100e+01, 3.700e+01,   4.100e+01, 4.300e+01, 4.700e+01, 5.300e+01,  5.900e+01) 
s = ( 6.100e+01,   6.700e+01, 7.100e+01, 7.300e+01, 7.900e+01,   8.300e+01, 8.900e+01, 9.700e+01,  1.010e+02, 1.030e+02, 1.070e+02,   1.090e+02, 1.130e+02, 1.270e+02, 1.310e+02,  1.370e+02) 
u = AntiWedge(r, s) = ( 8.798e+03,   1.203e+04, 1.261e+04, 1.396e+04, 1.560e+04,   7.172e+03, 7.938e+03, 8.468e+03,  1.008e+04, 9.968e+03, 1.081e+04,   1.205e+04, 1.256e+04, 1.393e+04, 1.499e+04,  8.083e+03) 

r = ( 3.000e+00,   5.000e+00, 7.000e+00, 1.100e+01, 1.300e+01,   1.700e+01, 1.900e+01, 2.300e+01,  2.900e+01, 3.100e+01, 3.700e+01,   4.100e+01, 4.300e+01, 4.700e+01, 5.300e+01,  5.900e+01) 
s = ( 6.100e+01,   6.700e+01, 7.100e+01, 7.300e+01, 7.900e+01,   8.300e+01, 8.900e+01, 9.700e+01,  1.010e+02, 1.030e+02, 1.070e+02,   1.090e+02, 1.130e+02, 1.270e+02, 1.310e+02,  1.370e+02) 
u = Regressive(r, s) = ( 9.842e+03,   1.203e+04, 1.261e+04, 1.396e+04, 1.560e+04,   7.280e+03, 7.770e+03, 9.280e+03,  9.782e+03, 1.068e+04, 1.196e+04,   1.205e+04, 1.256e+04, 1.393e+04, 1.499e+04,  8.083e+03) 

r = ( 3.000e+00,   5.000e+00, 7.000e+00, 1.100e+01, 1.300e+01,   1.700e+01, 1.900e+01, 2.300e+01,  2.900e+01, 3.100e+01, 3.700e+01,   4.100e+01, 4.300e+01, 4.700e+01, 5.300e+01,  5.900e+01) 
s = ( 6.100e+01,   6.700e+01, 7.100e+01, 7.300e+01, 7.900e+01,   8.300e+01, 8.900e+01, 9.700e+01,  1.010e+02, 1.030e+02, 1.070e+02,   1.090e+02, 1.130e+02, 1.270e+02, 1.310e+02,  1.370e+02) 
u = RegressiveViaFormula(r, s) = ( 9.842e+03,   1.203e+04, 1.261e+04, 1.396e+04, 1.560e+04,   7.280e+03, 7.770e+03, 9.280e+03,  9.782e+03, 1.068e+04, 1.196e+04,   1.205e+04, 1.256e+04, 1.393e+04, 1.499e+04,  8.083e+03) 

r = ( 3.000e+00,   5.000e+00, 7.000e+00, 1.100e+01, 1.300e+01,   1.700e+01, 1.900e+01, 2.300e+01,  2.900e+01, 3.100e+01, 3.700e+01,   4.100e+01, 4.300e+01, 4.700e+01, 5.300e+01,  5.900e+01) 
s = ( 6.100e+01,   6.700e+01, 7.100e+01, 7.300e+01, 7.900e+01,   8.300e+01, 8.900e+01, 9.700e+01,  1.010e+02, 1.030e+02, 1.070e+02,   1.090e+02, 1.130e+02, 1.270e+02, 1.310e+02,  1.370e+02) 
u = LowerRightViaFormula(r, s) = ( 8.083e+03,  -4.680e+02, 1.054e+03,-7.760e+02, 8.140e+02,  -1.081e+04, 9.968e+03,-1.008e+04, -8.468e+03, 7.938e+03,-7.172e+03,   1.810e+03,-1.856e+03, 1.786e+03,-2.226e+03,  8.798e+03) 

r = ( 3.000e+00,   5.000e+00, 7.000e+00, 1.100e+01, 1.300e+01,   1.700e+01, 1.900e+01, 2.300e+01,  2.900e+01, 3.100e+01, 3.700e+01,   4.100e+01, 4.300e+01, 4.700e+01, 5.300e+01,  5.900e+01) 
s = ( 6.100e+01,   6.700e+01, 7.100e+01, 7.300e+01, 7.900e+01,   8.300e+01, 8.900e+01, 9.700e+01,  1.010e+02, 1.030e+02, 1.070e+02,   1.090e+02, 1.130e+02, 1.270e+02, 1.310e+02,  1.370e+02) 
u = Expander(r, s) = ( 0.000e+00,   0.000e+00, 0.000e+00, 0.000e+00, 0.000e+00,  -1.140e+02,-3.720e+02,-2.700e+02, -4.760e+02,-3.700e+02,-8.000e+01,   2.208e+03, 2.248e+03, 2.444e+03, 3.058e+03,  4.788e+03) 

r = ( 3.000e+00,   5.000e+00, 7.000e+00, 1.100e+01, 1.300e+01,   1.700e+01, 1.900e+01, 2.300e+01,  2.900e+01, 3.100e+01, 3.700e+01,   4.100e+01, 4.300e+01, 4.700e+01, 5.300e+01,  5.900e+01) 
s = ( 6.100e+01,   6.700e+01, 7.100e+01, 7.300e+01, 7.900e+01,   8.300e+01, 8.900e+01, 9.700e+01,  1.010e+02, 1.030e+02, 1.070e+02,   1.090e+02, 1.130e+02, 1.270e+02, 1.310e+02,  1.370e+02) 
u = Conserver(r, s) = ( 1.830e+02,   5.060e+02, 6.400e+02, 8.900e+02, 1.030e+03,   1.634e+03, 1.800e+03, 2.252e+03, -1.000e+01, 1.762e+03, 3.878e+03,   1.758e+03, 3.906e+03, 1.804e+03, 4.668e+03,  4.010e+03) 

r = ( 3.000e+00,   5.000e+00, 7.000e+00, 1.100e+01, 1.300e+01,   1.700e+01, 1.900e+01, 2.300e+01,  2.900e+01, 3.100e+01, 3.700e+01,   4.100e+01, 4.300e+01, 4.700e+01, 5.300e+01,  5.900e+01) 
s = ( 6.100e+01,   6.700e+01, 7.100e+01, 7.300e+01, 7.900e+01,   8.300e+01, 8.900e+01, 9.700e+01,  1.010e+02, 1.030e+02, 1.070e+02,   1.090e+02, 1.130e+02, 1.270e+02, 1.310e+02,  1.370e+02) 
u = Shrinker(r, s) = (-2.691e+04,  -2.260e+04, 4.874e+03, 1.167e+04,-2.387e+04,  -1.750e+03, 1.166e+04,-9.000e+02, -1.714e+04, 6.074e+03, 1.292e+03,   2.880e+03,-2.800e+03, 3.230e+03,-3.268e+03,  0.000e+00) 

r = ( 3.000e+00,   5.000e+00, 7.000e+00, 1.100e+01, 1.300e+01,   1.700e+01, 1.900e+01, 2.300e+01,  2.900e+01, 3.100e+01, 3.700e+01,   4.100e+01, 4.300e+01, 4.700e+01, 5.300e+01,  5.900e+01) 
s = ( 6.100e+01,   6.700e+01, 7.100e+01, 7.300e+01, 7.900e+01,   8.300e+01, 8.900e+01, 9.700e+01,  1.010e+02, 1.030e+02, 1.070e+02,   1.090e+02, 1.130e+02, 1.270e+02, 1.310e+02,  1.370e+02) 
u = Symmetric(r, s) = (-2.673e+04,  -2.364e+04, 3.462e+03, 1.358e+04,-1.921e+04,  -1.038e+03, 1.344e+04, 9.440e+02, -1.547e+04, 8.190e+03, 3.816e+03,   5.036e+03, 5.210e+03, 5.692e+03, 6.684e+03,  9.320e+03) 

r = ( 3.000e+00,   5.000e+00, 7.000e+00, 1.100e+01, 1.300e+01,   1.700e+01, 1.900e+01, 2.300e+01,  2.900e+01, 3.100e+01, 3.700e+01,   4.100e+01, 4.300e+01, 4.700e+01, 5.300e+01,  5.900e+01) 
s = ( 6.100e+01,   6.700e+01, 7.100e+01, 7.300e+01, 7.900e+01,   8.300e+01, 8.900e+01, 9.700e+01,  1.010e+02, 1.030e+02, 1.070e+02,   1.090e+02, 1.130e+02, 1.270e+02, 1.310e+02,  1.370e+02) 
u = AntiSymmetric(r, s) = ( 0.000e+00,   1.544e+03, 2.052e+03,-1.026e+03,-3.628e+03,   8.080e+02,-3.540e+02, 1.380e+02, -2.152e+03,-7.240e+02, 1.274e+03,   1.810e+03,-1.856e+03, 1.786e+03,-2.226e+03, -5.220e+02) 

r = ( 3.000e+00,   5.000e+00, 7.000e+00, 1.100e+01, 1.300e+01,   1.700e+01, 1.900e+01, 2.300e+01,  2.900e+01, 3.100e+01, 3.700e+01,   4.100e+01, 4.300e+01, 4.700e+01, 5.300e+01,  5.900e+01) 
s = ( 6.100e+01,   6.700e+01, 7.100e+01, 7.300e+01, 7.900e+01,   8.300e+01, 8.900e+01, 9.700e+01,  1.010e+02, 1.030e+02, 1.070e+02,   1.090e+02, 1.130e+02, 1.270e+02, 1.310e+02,  1.370e+02) 
u = Inner(r, s) = (-2.691e+04,  -2.260e+04, 4.874e+03, 1.167e+04,-2.387e+04,  -2.324e+03, 1.201e+04,-7.500e+02, -1.755e+04, 5.990e+03, 1.238e+03,   2.880e+03,-2.800e+03, 3.230e+03,-3.268e+03,  0.000e+00) 

r = ( 3.000e+00,   5.000e+00, 7.000e+00, 1.100e+01, 1.300e+01,   1.700e+01, 1.900e+01, 2.300e+01,  2.900e+01, 3.100e+01, 3.700e+01,   4.100e+01, 4.300e+01, 4.700e+01, 5.300e+01,  5.900e+01) 
s = ( 6.100e+01,   6.700e+01, 7.100e+01, 7.300e+01, 7.900e+01,   8.300e+01, 8.900e+01, 9.700e+01,  1.010e+02, 1.030e+02, 1.070e+02,   1.090e+02, 1.130e+02, 1.270e+02, 1.310e+02,  1.370e+02) 
u = LeftContraction(r, s) = (-2.673e+04,  -6.120e+03,-7.716e+03, 1.173e+04,-1.032e+04,  -2.152e+03, 5.402e+03,-1.434e+03, -5.036e+03, 2.036e+03,-4.560e+02,  -1.454e+03, 1.846e+03,-5.780e+02, 1.078e+03,  4.110e+02) 

r = ( 3.000e+00,   5.000e+00, 7.000e+00, 1.100e+01, 1.300e+01,   1.700e+01, 1.900e+01, 2.300e+01,  2.900e+01, 3.100e+01, 3.700e+01,   4.100e+01, 4.300e+01, 4.700e+01, 5.300e+01,  5.900e+01) 
s = ( 6.100e+01,   6.700e+01, 7.100e+01, 7.300e+01, 7.900e+01,   8.300e+01, 8.900e+01, 9.700e+01,  1.010e+02, 1.030e+02, 1.070e+02,   1.090e+02, 1.130e+02, 1.270e+02, 1.310e+02,  1.370e+02) 
u = RightContraction(r, s) = (-2.673e+04,  -1.597e+04, 1.323e+04, 8.240e+02,-1.251e+04,   1.114e+03, 8.038e+03, 2.378e+03, -1.044e+04, 6.154e+03, 4.272e+03,   7.162e+03,-1.684e+03, 7.056e+03,-7.200e+02,  3.599e+03) 

r = ( 3.000e+00,   5.000e+00, 7.000e+00, 1.100e+01, 1.300e+01,   1.700e+01, 1.900e+01, 2.300e+01,  2.900e+01, 3.100e+01, 3.700e+01,   4.100e+01, 4.300e+01, 4.700e+01, 5.300e+01,  5.900e+01) 
u = Determinant(r) =  1.123e+07 

r = ( 3.000e+00,   5.000e+00, 7.000e+00, 1.100e+01, 1.300e+01,   1.700e+01, 1.900e+01, 2.300e+01,  2.900e+01, 3.100e+01, 3.700e+01,   4.100e+01, 4.300e+01, 4.700e+01, 5.300e+01,  5.900e+01) 
u = Adjugate(r) = ( 4.825e+04,  -8.209e+04,-9.502e+04,-7.164e+04,-9.980e+04,  -1.087e+05,-1.995e+04, 1.943e+05, -1.122e+05, 3.576e+04,-8.570e+04,  -1.978e+05,-4.675e+04, 1.397e+04,-1.665e+05, -1.206e+05) 

r = ( 3.000e+00,   5.000e+00, 7.000e+00, 1.100e+01, 1.300e+01,   1.700e+01, 1.900e+01, 2.300e+01,  2.900e+01, 3.100e+01, 3.700e+01,   4.100e+01, 4.300e+01, 4.700e+01, 5.300e+01,  5.900e+01) 
u = Reciprocal(r) = ( 4.297e-03,  -7.311e-03,-8.462e-03,-6.380e-03,-8.888e-03,  -9.679e-03,-1.777e-03, 1.730e-02, -9.991e-03, 3.185e-03,-7.632e-03,  -1.761e-02,-4.163e-03, 1.244e-03,-1.483e-02, -1.074e-02) 

s = r*(1/r) = ( 1.000e+00,  -2.220e-16,-4.163e-17,-1.943e-16, 2.220e-16,   2.776e-16,-1.388e-16, 0.000e+00,  2.220e-16,-2.776e-17, 1.110e-16,  -1.110e-16, 0.000e+00,-1.110e-16, 0.000e+00,  0.000e+00) 

Verifying 64 Determinant preserving Comp transforms
++++++++++++++++++++++++++++++++++++++++++++++++++++++++++++++++
Verifying 120 Determinant preserving Magic transforms
++++++++++++++++++++++++++++++++++++++++++++++++++++++++++++++++++++++++++++++++++++++++++++++++++++++++++++++++++++++++
