
GA5_4_1 Routines Demo

GA5_4_1_PrintMV Demo
r = ( 3.000e+00,  5.000e+00, 7.000e+00, 1.100e+01, 1.300e+01, 1.700e+01,  1.900e+01, 2.300e+01, 2.900e+01, 3.100e+01, 3.700e+01, 4.100e+01, 4.300e+01, 4.700e+01, 5.300e+01, 5.900e+01,  6.100e+01, 6.700e+01, 7.100e+01, 7.300e+01, 7.900e+01, 8.300e+01, 8.900e+01, 9.700e+01, 1.010e+02, 1.030e+02,  1.070e+02, 1.090e+02, 1.130e+02, 1.270e+02, 1.310e+02,  1.370e+02) 

GA5_4_1_PrintlnMV Demo
r = ( 3.000e+00, 
 5.000e+00, 7.000e+00, 1.100e+01, 1.300e+01, 1.700e+01, 
 1.900e+01, 2.300e+01, 2.900e+01, 3.100e+01, 3.700e+01, 4.100e+01, 4.300e+01, 4.700e+01, 5.300e+01, 5.900e+01, 
 6.100e+01, 6.700e+01, 7.100e+01, 7.300e+01, 7.900e+01, 8.300e+01, 8.900e+01, 9.700e+01, 1.010e+02, 1.030e+02, 
 1.070e+02, 1.090e+02, 1.130e+02, 1.270e+02, 1.310e+02, 
 1.370e+02) 


GA5_4_1_OverBar Demo
r =              ( 3.000e+00, 
 5.000e+00, 7.000e+00, 1.100e+01, 1.300e+01, 1.700e+01, 
 1.900e+01, 2.300e+01, 2.900e+01, 3.100e+01, 3.700e+01, 4.100e+01, 4.300e+01, 4.700e+01, 5.300e+01, 5.900e+01, 
 6.100e+01, 6.700e+01, 7.100e+01, 7.300e+01, 7.900e+01, 8.300e+01, 8.900e+01, 9.700e+01, 1.010e+02, 1.030e+02, 
 1.070e+02, 1.090e+02, 1.130e+02, 1.270e+02, 1.310e+02, 
 1.370e+02) 

u = GA5_4_1_OverBar(r) = ( 1.370e+02, 
 1.310e+02,-1.270e+02, 1.130e+02,-1.090e+02, 1.070e+02, 
 1.030e+02,-1.010e+02, 9.700e+01,-8.900e+01, 8.300e+01,-7.900e+01, 7.300e+01, 7.100e+01,-6.700e+01, 6.100e+01, 
 5.900e+01,-5.300e+01, 4.700e+01, 4.300e+01,-4.100e+01, 3.700e+01,-3.100e+01, 2.900e+01,-2.300e+01, 1.900e+01, 
 1.700e+01,-1.300e+01, 1.100e+01,-7.000e+00, 5.000e+00, 
 3.000e+00) 

GA5_4_1_Determinant is not conserved
s = r*u =       ( 0.000e+00, 
 0.000e+00, 0.000e+00, 0.000e+00, 0.000e+00,-7.588e+03, 
-1.548e+03,-5.884e+03, 9.240e+02, 0.000e+00,-2.854e+04,-1.433e+04, 0.000e+00,-1.500e+03, 0.000e+00, 0.000e+00, 
-3.098e+04,-1.364e+04, 0.000e+00,-4.520e+02, 0.000e+00, 0.000e+00, 4.868e+03, 0.000e+00, 0.000e+00, 0.000e+00, 
 0.000e+00,-6.532e+03, 5.276e+03, 3.675e+04, 1.688e+05, 
 1.748e+05) 


GA5_4_1_UnderBar Demo
r =               ( 3.000e+00, 
 5.000e+00, 7.000e+00, 1.100e+01, 1.300e+01, 1.700e+01, 
 1.900e+01, 2.300e+01, 2.900e+01, 3.100e+01, 3.700e+01, 4.100e+01, 4.300e+01, 4.700e+01, 5.300e+01, 5.900e+01, 
 6.100e+01, 6.700e+01, 7.100e+01, 7.300e+01, 7.900e+01, 8.300e+01, 8.900e+01, 9.700e+01, 1.010e+02, 1.030e+02, 
 1.070e+02, 1.090e+02, 1.130e+02, 1.270e+02, 1.310e+02, 
 1.370e+02) 

u = GA5_4_1_UnderBar(r) = ( 1.370e+02, 
 1.310e+02,-1.270e+02, 1.130e+02,-1.090e+02, 1.070e+02, 
 1.030e+02,-1.010e+02, 9.700e+01,-8.900e+01, 8.300e+01,-7.900e+01, 7.300e+01, 7.100e+01,-6.700e+01, 6.100e+01, 
 5.900e+01,-5.300e+01, 4.700e+01, 4.300e+01,-4.100e+01, 3.700e+01,-3.100e+01, 2.900e+01,-2.300e+01, 1.900e+01, 
 1.700e+01,-1.300e+01, 1.100e+01,-7.000e+00, 5.000e+00, 
 3.000e+00) 

GA5_4_1_Determinant is not conserved
s = r*u =        ( 0.000e+00, 
 0.000e+00, 0.000e+00, 0.000e+00, 0.000e+00,-7.588e+03, 
-1.548e+03,-5.884e+03, 9.240e+02, 0.000e+00,-2.854e+04,-1.433e+04, 0.000e+00,-1.500e+03, 0.000e+00, 0.000e+00, 
-3.098e+04,-1.364e+04, 0.000e+00,-4.520e+02, 0.000e+00, 0.000e+00, 4.868e+03, 0.000e+00, 0.000e+00, 0.000e+00, 
 0.000e+00,-6.532e+03, 5.276e+03, 3.675e+04, 1.688e+05, 
 1.748e+05) 

t = GA5_4_1_OverBar(GA5_4_1_UnderBar(r)) =        ( 3.000e+00, 
 5.000e+00, 7.000e+00, 1.100e+01, 1.300e+01, 1.700e+01, 
 1.900e+01, 2.300e+01, 2.900e+01, 3.100e+01, 3.700e+01, 4.100e+01, 4.300e+01, 4.700e+01, 5.300e+01, 5.900e+01, 
 6.100e+01, 6.700e+01, 7.100e+01, 7.300e+01, 7.900e+01, 8.300e+01, 8.900e+01, 9.700e+01, 1.010e+02, 1.030e+02, 
 1.070e+02, 1.090e+02, 1.130e+02, 1.270e+02, 1.310e+02, 
 1.370e+02) 


GA5_4_1_Reverse Demo
r =               ( 3.000e+00, 
 5.000e+00, 7.000e+00, 1.100e+01, 1.300e+01, 1.700e+01, 
 1.900e+01, 2.300e+01, 2.900e+01, 3.100e+01, 3.700e+01, 4.100e+01, 4.300e+01, 4.700e+01, 5.300e+01, 5.900e+01, 
 6.100e+01, 6.700e+01, 7.100e+01, 7.300e+01, 7.900e+01, 8.300e+01, 8.900e+01, 9.700e+01, 1.010e+02, 1.030e+02, 
 1.070e+02, 1.090e+02, 1.130e+02, 1.270e+02, 1.310e+02, 
 1.370e+02) 

u = GA5_4_1_Reverse(r) = ( 3.000e+00, 
 5.000e+00, 7.000e+00, 1.100e+01, 1.300e+01, 1.700e+01, 
-1.900e+01,-2.300e+01,-2.900e+01,-3.100e+01,-3.700e+01,-4.100e+01,-4.300e+01,-4.700e+01,-5.300e+01,-5.900e+01, 
-6.100e+01,-6.700e+01,-7.100e+01,-7.300e+01,-7.900e+01,-8.300e+01,-8.900e+01,-9.700e+01,-1.010e+02,-1.030e+02, 
 1.070e+02, 1.090e+02, 1.130e+02, 1.270e+02, 1.310e+02, 
 1.370e+02) 

GA5_4_1_Determinant is conserved
s = r*u =        (-9.422e+04, 
-9.388e+04, 1.232e+04, 6.052e+03,-1.130e+04,-8.204e+03, 
 0.000e+00, 0.000e+00, 0.000e+00, 0.000e+00, 0.000e+00, 0.000e+00, 0.000e+00, 0.000e+00, 0.000e+00, 0.000e+00, 
 0.000e+00, 0.000e+00, 0.000e+00, 0.000e+00, 0.000e+00, 0.000e+00, 0.000e+00, 0.000e+00, 0.000e+00, 0.000e+00, 
 5.268e+03, 4.420e+03,-6.012e+03, 5.828e+03,-9.844e+03, 
-8.444e+03) 

t = GA5_4_1_Reverse(GA5_4_1_Reverse(r)) =        ( 3.000e+00, 
 5.000e+00, 7.000e+00, 1.100e+01, 1.300e+01, 1.700e+01, 
 1.900e+01, 2.300e+01, 2.900e+01, 3.100e+01, 3.700e+01, 4.100e+01, 4.300e+01, 4.700e+01, 5.300e+01, 5.900e+01, 
 6.100e+01, 6.700e+01, 7.100e+01, 7.300e+01, 7.900e+01, 8.300e+01, 8.900e+01, 9.700e+01, 1.010e+02, 1.030e+02, 
 1.070e+02, 1.090e+02, 1.130e+02, 1.270e+02, 1.310e+02, 
 1.370e+02) 


GA5_4_1_Parity Demo
r =               ( 3.000e+00, 
 5.000e+00, 7.000e+00, 1.100e+01, 1.300e+01, 1.700e+01, 
 1.900e+01, 2.300e+01, 2.900e+01, 3.100e+01, 3.700e+01, 4.100e+01, 4.300e+01, 4.700e+01, 5.300e+01, 5.900e+01, 
 6.100e+01, 6.700e+01, 7.100e+01, 7.300e+01, 7.900e+01, 8.300e+01, 8.900e+01, 9.700e+01, 1.010e+02, 1.030e+02, 
 1.070e+02, 1.090e+02, 1.130e+02, 1.270e+02, 1.310e+02, 
 1.370e+02) 

u = GA5_4_1_Parity(r) = ( 3.000e+00, 
-5.000e+00,-7.000e+00,-1.100e+01,-1.300e+01,-1.700e+01, 
 1.900e+01, 2.300e+01, 2.900e+01, 3.100e+01, 3.700e+01, 4.100e+01, 4.300e+01, 4.700e+01, 5.300e+01, 5.900e+01, 
-6.100e+01,-6.700e+01,-7.100e+01,-7.300e+01,-7.900e+01,-8.300e+01,-8.900e+01,-9.700e+01,-1.010e+02,-1.030e+02, 
 1.070e+02, 1.090e+02, 1.130e+02, 1.270e+02, 1.310e+02, 
-1.370e+02) 

GA5_4_1_Determinant is not conserved
s = r*u =        (-5.261e+04, 
-5.156e+04,-6.856e+03, 4.773e+04,-7.068e+04,-6.669e+04, 
-1.395e+04, 4.384e+04,-5.214e+04,-4.858e+04,-6.136e+03, 2.466e+04, 2.356e+04,-2.572e+03,-3.544e+03,-7.272e+03, 
 2.196e+03, 1.812e+04, 1.738e+04, 6.304e+03, 4.884e+03,-1.320e+04, 1.835e+04, 1.747e+04,-6.500e+03, 1.404e+04, 
 2.212e+04, 2.038e+04,-1.251e+04, 1.720e+04,-6.428e+03, 
 0.000e+00) 

t = GA5_4_1_Parity(GA5_4_1_Parity(r)) =        ( 3.000e+00, 
 5.000e+00, 7.000e+00, 1.100e+01, 1.300e+01, 1.700e+01, 
 1.900e+01, 2.300e+01, 2.900e+01, 3.100e+01, 3.700e+01, 4.100e+01, 4.300e+01, 4.700e+01, 5.300e+01, 5.900e+01, 
 6.100e+01, 6.700e+01, 7.100e+01, 7.300e+01, 7.900e+01, 8.300e+01, 8.900e+01, 9.700e+01, 1.010e+02, 1.030e+02, 
 1.070e+02, 1.090e+02, 1.130e+02, 1.270e+02, 1.310e+02, 
 1.370e+02) 


GA5_4_1_Transpose Demo
r =               ( 3.000e+00, 
 5.000e+00, 7.000e+00, 1.100e+01, 1.300e+01, 1.700e+01, 
 1.900e+01, 2.300e+01, 2.900e+01, 3.100e+01, 3.700e+01, 4.100e+01, 4.300e+01, 4.700e+01, 5.300e+01, 5.900e+01, 
 6.100e+01, 6.700e+01, 7.100e+01, 7.300e+01, 7.900e+01, 8.300e+01, 8.900e+01, 9.700e+01, 1.010e+02, 1.030e+02, 
 1.070e+02, 1.090e+02, 1.130e+02, 1.270e+02, 1.310e+02, 
 1.370e+02) 

u = GA5_4_1_Transpose(r) = ( 3.000e+00, 
-5.000e+00, 7.000e+00, 1.100e+01, 1.300e+01,-1.700e+01, 
 1.900e+01, 2.300e+01, 2.900e+01,-3.100e+01,-3.700e+01,-4.100e+01, 4.300e+01,-4.700e+01, 5.300e+01, 5.900e+01, 
 6.100e+01, 6.700e+01,-7.100e+01, 7.300e+01,-7.900e+01,-8.300e+01,-8.900e+01, 9.700e+01, 1.010e+02, 1.030e+02, 
-1.070e+02, 1.090e+02, 1.130e+02, 1.270e+02,-1.310e+02, 
 1.370e+02) 

GA5_4_1_Determinant is conserved
s = r*u =        (-3.609e+04, 
 0.000e+00, 1.586e+05,-6.003e+04, 1.921e+04, 0.000e+00, 
 1.540e+05,-6.046e+04, 2.064e+04, 0.000e+00, 0.000e+00, 0.000e+00,-3.548e+03, 0.000e+00, 2.804e+03, 6.004e+03, 
-1.151e+04, 8.668e+03, 0.000e+00,-1.018e+04, 0.000e+00, 0.000e+00, 0.000e+00, 1.360e+04,-2.414e+04, 1.203e+04, 
 0.000e+00, 1.423e+04,-2.288e+04, 1.200e+04, 0.000e+00, 
 4.196e+03) 

t = GA5_4_1_Transpose(GA5_4_1_Transpose(r)) =        ( 3.000e+00, 
 5.000e+00, 7.000e+00, 1.100e+01, 1.300e+01, 1.700e+01, 
 1.900e+01, 2.300e+01, 2.900e+01, 3.100e+01, 3.700e+01, 4.100e+01, 4.300e+01, 4.700e+01, 5.300e+01, 5.900e+01, 
 6.100e+01, 6.700e+01, 7.100e+01, 7.300e+01, 7.900e+01, 8.300e+01, 8.900e+01, 9.700e+01, 1.010e+02, 1.030e+02, 
 1.070e+02, 1.090e+02, 1.130e+02, 1.270e+02, 1.310e+02, 
 1.370e+02) 


GA5_4_1_Conjugation Demo
r =               ( 3.000e+00, 
 5.000e+00, 7.000e+00, 1.100e+01, 1.300e+01, 1.700e+01, 
 1.900e+01, 2.300e+01, 2.900e+01, 3.100e+01, 3.700e+01, 4.100e+01, 4.300e+01, 4.700e+01, 5.300e+01, 5.900e+01, 
 6.100e+01, 6.700e+01, 7.100e+01, 7.300e+01, 7.900e+01, 8.300e+01, 8.900e+01, 9.700e+01, 1.010e+02, 1.030e+02, 
 1.070e+02, 1.090e+02, 1.130e+02, 1.270e+02, 1.310e+02, 
 1.370e+02) 

u = GA5_4_1_Conjugation(r) = ( 3.000e+00, 
-5.000e+00,-7.000e+00,-1.100e+01,-1.300e+01,-1.700e+01, 
-1.900e+01,-2.300e+01,-2.900e+01,-3.100e+01,-3.700e+01,-4.100e+01,-4.300e+01,-4.700e+01,-5.300e+01,-5.900e+01, 
-6.100e+01,-6.700e+01,-7.100e+01,-7.300e+01,-7.900e+01,-8.300e+01,-8.900e+01,-9.700e+01,-1.010e+02,-1.030e+02, 
-1.070e+02,-1.090e+02,-1.130e+02,-1.270e+02,-1.310e+02, 
-1.370e+02) 

GA5_4_1_Determinant is not conserved
s = r*u =        ( 3.615e+04, 
 2.849e+04,-5.092e+04, 2.283e+04, 7.374e+03, 6.970e+03, 
-4.372e+04, 1.493e+04, 9.886e+03, 9.774e+03,-3.838e+04, 2.833e+04, 2.480e+04,-3.300e+04,-3.179e+04, 3.203e+04, 
-3.600e+04, 3.254e+04, 3.080e+04,-3.091e+04,-3.092e+04, 2.671e+04, 2.605e+04, 2.517e+04,-2.389e+04, 1.806e+04, 
 1.738e+04, 1.506e+04,-1.777e+04, 1.133e+04,-1.534e+04, 
-1.491e+04) 

t = GA5_4_1_Conjugation(GA5_4_1_Conjugation(r)) =        ( 3.000e+00, 
 5.000e+00, 7.000e+00, 1.100e+01, 1.300e+01, 1.700e+01, 
 1.900e+01, 2.300e+01, 2.900e+01, 3.100e+01, 3.700e+01, 4.100e+01, 4.300e+01, 4.700e+01, 5.300e+01, 5.900e+01, 
 6.100e+01, 6.700e+01, 7.100e+01, 7.300e+01, 7.900e+01, 8.300e+01, 8.900e+01, 9.700e+01, 1.010e+02, 1.030e+02, 
 1.070e+02, 1.090e+02, 1.130e+02, 1.270e+02, 1.310e+02, 
 1.370e+02) 


GA5_4_1_Clifford_Conjugation Demo
r =               ( 3.000e+00, 
 5.000e+00, 7.000e+00, 1.100e+01, 1.300e+01, 1.700e+01, 
 1.900e+01, 2.300e+01, 2.900e+01, 3.100e+01, 3.700e+01, 4.100e+01, 4.300e+01, 4.700e+01, 5.300e+01, 5.900e+01, 
 6.100e+01, 6.700e+01, 7.100e+01, 7.300e+01, 7.900e+01, 8.300e+01, 8.900e+01, 9.700e+01, 1.010e+02, 1.030e+02, 
 1.070e+02, 1.090e+02, 1.130e+02, 1.270e+02, 1.310e+02, 
 1.370e+02) 

u = GA5_4_1_Clifford_Conjugation(r) = ( 3.000e+00, 
-5.000e+00,-7.000e+00,-1.100e+01,-1.300e+01,-1.700e+01, 
-1.900e+01,-2.300e+01,-2.900e+01,-3.100e+01,-3.700e+01,-4.100e+01,-4.300e+01,-4.700e+01,-5.300e+01,-5.900e+01, 
 6.100e+01, 6.700e+01, 7.100e+01, 7.300e+01, 7.900e+01, 8.300e+01, 8.900e+01, 9.700e+01, 1.010e+02, 1.030e+02, 
 1.070e+02, 1.090e+02, 1.130e+02, 1.270e+02, 1.310e+02, 
-1.370e+02) 

GA5_4_1_Determinant is not conserved
s = r*u =        (-2.968e+03, 
 0.000e+00, 0.000e+00, 0.000e+00, 0.000e+00, 0.000e+00, 
 0.000e+00, 0.000e+00, 0.000e+00, 0.000e+00, 0.000e+00, 0.000e+00, 0.000e+00, 0.000e+00, 0.000e+00, 0.000e+00, 
 2.756e+03,-9.820e+03,-1.260e+04, 6.260e+03, 6.332e+03,-3.020e+03,-1.727e+04,-1.928e+04, 1.268e+04,-1.790e+04, 
-1.544e+04,-1.741e+04, 1.172e+04,-1.671e+04, 4.660e+03, 
 0.000e+00) 

t = GA5_4_1_Clifford_Conjugation(GA5_4_1_Clifford_Conjugation(r)) =        ( 3.000e+00, 
 5.000e+00, 7.000e+00, 1.100e+01, 1.300e+01, 1.700e+01, 
 1.900e+01, 2.300e+01, 2.900e+01, 3.100e+01, 3.700e+01, 4.100e+01, 4.300e+01, 4.700e+01, 5.300e+01, 5.900e+01, 
 6.100e+01, 6.700e+01, 7.100e+01, 7.300e+01, 7.900e+01, 8.300e+01, 8.900e+01, 9.700e+01, 1.010e+02, 1.030e+02, 
 1.070e+02, 1.090e+02, 1.130e+02, 1.270e+02, 1.310e+02, 
 1.370e+02) 


GA5_4_1_Dual Demo
r =               ( 3.000e+00, 
 5.000e+00, 7.000e+00, 1.100e+01, 1.300e+01, 1.700e+01, 
 1.900e+01, 2.300e+01, 2.900e+01, 3.100e+01, 3.700e+01, 4.100e+01, 4.300e+01, 4.700e+01, 5.300e+01, 5.900e+01, 
 6.100e+01, 6.700e+01, 7.100e+01, 7.300e+01, 7.900e+01, 8.300e+01, 8.900e+01, 9.700e+01, 1.010e+02, 1.030e+02, 
 1.070e+02, 1.090e+02, 1.130e+02, 1.270e+02, 1.310e+02, 
 1.370e+02) 

u = GA5_4_1_Dual(r) = ( 1.370e+02, 
 1.310e+02,-1.270e+02, 1.130e+02,-1.090e+02,-1.070e+02, 
-1.030e+02, 1.010e+02,-9.700e+01,-8.900e+01,-8.300e+01, 7.900e+01, 7.300e+01,-7.100e+01,-6.700e+01, 6.100e+01, 
-5.900e+01, 5.300e+01, 4.700e+01,-4.300e+01,-4.100e+01, 3.700e+01, 3.100e+01, 2.900e+01,-2.300e+01, 1.900e+01, 
 1.700e+01, 1.300e+01,-1.100e+01, 7.000e+00,-5.000e+00, 
-3.000e+00) 

GA5_4_1_Determinant is conserved
s = r*u =        ( 1.573e+04, 
 1.612e+04, 1.056e+04, 1.845e+04, 1.441e+04, 1.674e+04, 
 1.744e+04, 2.450e+04, 2.459e+04, 2.552e+04, 2.621e+04, 3.139e+04, 3.135e+04, 3.037e+04, 3.214e+04, 3.637e+04, 
 3.168e+04, 3.211e+04, 3.328e+04, 2.454e+04, 2.808e+04, 3.860e+04,-9.588e+03,-9.712e+03, 1.479e+04, 4.384e+04, 
-6.868e+03,-7.296e+03, 2.277e+04, 5.096e+04, 2.846e+04, 
 3.614e+04) 

t = GA5_4_1_Dual(GA5_4_1_Dual(r)) =        (-3.000e+00, 
-5.000e+00,-7.000e+00,-1.100e+01,-1.300e+01,-1.700e+01, 
-1.900e+01,-2.300e+01,-2.900e+01,-3.100e+01,-3.700e+01,-4.100e+01,-4.300e+01,-4.700e+01,-5.300e+01,-5.900e+01, 
-6.100e+01,-6.700e+01,-7.100e+01,-7.300e+01,-7.900e+01,-8.300e+01,-8.900e+01,-9.700e+01,-1.010e+02,-1.030e+02, 
-1.070e+02,-1.090e+02,-1.130e+02,-1.270e+02,-1.310e+02, 
-1.370e+02) 


GA5_4_1_Dorst_Dual Demo
r =               ( 3.000e+00, 
 5.000e+00, 7.000e+00, 1.100e+01, 1.300e+01, 1.700e+01, 
 1.900e+01, 2.300e+01, 2.900e+01, 3.100e+01, 3.700e+01, 4.100e+01, 4.300e+01, 4.700e+01, 5.300e+01, 5.900e+01, 
 6.100e+01, 6.700e+01, 7.100e+01, 7.300e+01, 7.900e+01, 8.300e+01, 8.900e+01, 9.700e+01, 1.010e+02, 1.030e+02, 
 1.070e+02, 1.090e+02, 1.130e+02, 1.270e+02, 1.310e+02, 
 1.370e+02) 

u = GA5_4_1_Dorst_Dual(r) = ( 1.370e+02, 
 1.310e+02,-1.270e+02, 1.130e+02,-1.090e+02,-1.070e+02, 
-1.030e+02, 1.010e+02,-9.700e+01,-8.900e+01,-8.300e+01, 7.900e+01, 7.300e+01,-7.100e+01,-6.700e+01, 6.100e+01, 
-5.900e+01, 5.300e+01, 4.700e+01,-4.300e+01,-4.100e+01, 3.700e+01, 3.100e+01, 2.900e+01,-2.300e+01, 1.900e+01, 
 1.700e+01, 1.300e+01,-1.100e+01, 7.000e+00,-5.000e+00, 
-3.000e+00) 

GA5_4_1_Determinant is conserved
s = r*u =        ( 1.573e+04, 
 1.612e+04, 1.056e+04, 1.845e+04, 1.441e+04, 1.674e+04, 
 1.744e+04, 2.450e+04, 2.459e+04, 2.552e+04, 2.621e+04, 3.139e+04, 3.135e+04, 3.037e+04, 3.214e+04, 3.637e+04, 
 3.168e+04, 3.211e+04, 3.328e+04, 2.454e+04, 2.808e+04, 3.860e+04,-9.588e+03,-9.712e+03, 1.479e+04, 4.384e+04, 
-6.868e+03,-7.296e+03, 2.277e+04, 5.096e+04, 2.846e+04, 
 3.614e+04) 


GA5_4_1_Dorst_UnDual Demo
r =               ( 3.000e+00, 
 5.000e+00, 7.000e+00, 1.100e+01, 1.300e+01, 1.700e+01, 
 1.900e+01, 2.300e+01, 2.900e+01, 3.100e+01, 3.700e+01, 4.100e+01, 4.300e+01, 4.700e+01, 5.300e+01, 5.900e+01, 
 6.100e+01, 6.700e+01, 7.100e+01, 7.300e+01, 7.900e+01, 8.300e+01, 8.900e+01, 9.700e+01, 1.010e+02, 1.030e+02, 
 1.070e+02, 1.090e+02, 1.130e+02, 1.270e+02, 1.310e+02, 
 1.370e+02) 

u = GA5_4_1_Dorst_UnDual(r) = (-1.370e+02, 
-1.310e+02, 1.270e+02,-1.130e+02, 1.090e+02, 1.070e+02, 
 1.030e+02,-1.010e+02, 9.700e+01, 8.900e+01, 8.300e+01,-7.900e+01,-7.300e+01, 7.100e+01, 6.700e+01,-6.100e+01, 
 5.900e+01,-5.300e+01,-4.700e+01, 4.300e+01, 4.100e+01,-3.700e+01,-3.100e+01,-2.900e+01, 2.300e+01,-1.900e+01, 
-1.700e+01,-1.300e+01, 1.100e+01,-7.000e+00, 5.000e+00, 
 3.000e+00) 

GA5_4_1_Determinant is conserved
s = r*u =        (-1.573e+04, 
-1.612e+04,-1.056e+04,-1.845e+04,-1.441e+04,-1.674e+04, 
-1.744e+04,-2.450e+04,-2.459e+04,-2.552e+04,-2.621e+04,-3.139e+04,-3.135e+04,-3.037e+04,-3.214e+04,-3.637e+04, 
-3.168e+04,-3.211e+04,-3.328e+04,-2.454e+04,-2.808e+04,-3.860e+04, 9.588e+03, 9.712e+03,-1.479e+04,-4.384e+04, 
 6.868e+03, 7.296e+03,-2.277e+04,-5.096e+04,-2.846e+04, 
-3.614e+04) 

GA5_4_1_Dorst_UnDual(GA5_4_1_Dorst_Dual(r)) = ( 3.000e+00, 
 5.000e+00, 7.000e+00, 1.100e+01, 1.300e+01, 1.700e+01, 
 1.900e+01, 2.300e+01, 2.900e+01, 3.100e+01, 3.700e+01, 4.100e+01, 4.300e+01, 4.700e+01, 5.300e+01, 5.900e+01, 
 6.100e+01, 6.700e+01, 7.100e+01, 7.300e+01, 7.900e+01, 8.300e+01, 8.900e+01, 9.700e+01, 1.010e+02, 1.030e+02, 
 1.070e+02, 1.090e+02, 1.130e+02, 1.270e+02, 1.310e+02, 
 1.370e+02) 

GA5_4_1_Dorst_Dual(GA5_4_1_Dorst_UnDual(r)) = ( 3.000e+00, 
 5.000e+00, 7.000e+00, 1.100e+01, 1.300e+01, 1.700e+01, 
 1.900e+01, 2.300e+01, 2.900e+01, 3.100e+01, 3.700e+01, 4.100e+01, 4.300e+01, 4.700e+01, 5.300e+01, 5.900e+01, 
 6.100e+01, 6.700e+01, 7.100e+01, 7.300e+01, 7.900e+01, 8.300e+01, 8.900e+01, 9.700e+01, 1.010e+02, 1.030e+02, 
 1.070e+02, 1.090e+02, 1.130e+02, 1.270e+02, 1.310e+02, 
 1.370e+02) 


  r = ( 3.000e+00, 
 5.000e+00, 7.000e+00, 1.100e+01, 1.300e+01, 1.700e+01, 
 1.900e+01, 2.300e+01, 2.900e+01, 3.100e+01, 3.700e+01, 4.100e+01, 4.300e+01, 4.700e+01, 5.300e+01, 5.900e+01, 
 6.100e+01, 6.700e+01, 7.100e+01, 7.300e+01, 7.900e+01, 8.300e+01, 8.900e+01, 9.700e+01, 1.010e+02, 1.030e+02, 
 1.070e+02, 1.090e+02, 1.130e+02, 1.270e+02, 1.310e+02, 
 1.370e+02) 

  s = ( 1.390e+02, 
 1.490e+02, 1.510e+02, 1.570e+02, 1.630e+02, 1.670e+02, 
 1.730e+02, 1.790e+02, 1.810e+02, 1.910e+02, 1.930e+02, 1.970e+02, 1.990e+02, 2.110e+02, 2.230e+02, 2.270e+02, 
 2.290e+02, 2.330e+02, 2.390e+02, 2.410e+02, 2.510e+02, 2.570e+02, 2.630e+02, 2.690e+02, 2.710e+02, 2.770e+02, 
 2.810e+02, 2.830e+02, 2.930e+02, 3.070e+02, 3.110e+02, 
 3.130e+02) 

r+s = ( 1.420e+02, 
 1.540e+02, 1.580e+02, 1.680e+02, 1.760e+02, 1.840e+02, 
 1.920e+02, 2.020e+02, 2.100e+02, 2.220e+02, 2.300e+02, 2.380e+02, 2.420e+02, 2.580e+02, 2.760e+02, 2.860e+02, 
 2.900e+02, 3.000e+02, 3.100e+02, 3.140e+02, 3.300e+02, 3.400e+02, 3.520e+02, 3.660e+02, 3.720e+02, 3.800e+02, 
 3.880e+02, 3.920e+02, 4.060e+02, 4.340e+02, 4.420e+02, 
 4.500e+02) 


  r = ( 3.000e+00, 
 5.000e+00, 7.000e+00, 1.100e+01, 1.300e+01, 1.700e+01, 
 1.900e+01, 2.300e+01, 2.900e+01, 3.100e+01, 3.700e+01, 4.100e+01, 4.300e+01, 4.700e+01, 5.300e+01, 5.900e+01, 
 6.100e+01, 6.700e+01, 7.100e+01, 7.300e+01, 7.900e+01, 8.300e+01, 8.900e+01, 9.700e+01, 1.010e+02, 1.030e+02, 
 1.070e+02, 1.090e+02, 1.130e+02, 1.270e+02, 1.310e+02, 
 1.370e+02) 

  s = ( 1.390e+02, 
 1.490e+02, 1.510e+02, 1.570e+02, 1.630e+02, 1.670e+02, 
 1.730e+02, 1.790e+02, 1.810e+02, 1.910e+02, 1.930e+02, 1.970e+02, 1.990e+02, 2.110e+02, 2.230e+02, 2.270e+02, 
 2.290e+02, 2.330e+02, 2.390e+02, 2.410e+02, 2.510e+02, 2.570e+02, 2.630e+02, 2.690e+02, 2.710e+02, 2.770e+02, 
 2.810e+02, 2.830e+02, 2.930e+02, 3.070e+02, 3.110e+02, 
 3.130e+02) 

r-s = (-1.360e+02, 
-1.440e+02,-1.440e+02,-1.460e+02,-1.500e+02,-1.500e+02, 
-1.540e+02,-1.560e+02,-1.520e+02,-1.600e+02,-1.560e+02,-1.560e+02,-1.560e+02,-1.640e+02,-1.700e+02,-1.680e+02, 
-1.680e+02,-1.660e+02,-1.680e+02,-1.680e+02,-1.720e+02,-1.740e+02,-1.740e+02,-1.720e+02,-1.700e+02,-1.740e+02, 
-1.740e+02,-1.740e+02,-1.800e+02,-1.800e+02,-1.800e+02, 
-1.760e+02) 


r = ( 3.000e+00, 
 5.000e+00, 7.000e+00, 1.100e+01, 1.300e+01, 1.700e+01, 
 1.900e+01, 2.300e+01, 2.900e+01, 3.100e+01, 3.700e+01, 4.100e+01, 4.300e+01, 4.700e+01, 5.300e+01, 5.900e+01, 
 6.100e+01, 6.700e+01, 7.100e+01, 7.300e+01, 7.900e+01, 8.300e+01, 8.900e+01, 9.700e+01, 1.010e+02, 1.030e+02, 
 1.070e+02, 1.090e+02, 1.130e+02, 1.270e+02, 1.310e+02, 
 1.370e+02) 

s = ( 1.390e+02, 
 1.490e+02, 1.510e+02, 1.570e+02, 1.630e+02, 1.670e+02, 
 1.730e+02, 1.790e+02, 1.810e+02, 1.910e+02, 1.930e+02, 1.970e+02, 1.990e+02, 2.110e+02, 2.230e+02, 2.270e+02, 
 2.290e+02, 2.330e+02, 2.390e+02, 2.410e+02, 2.510e+02, 2.570e+02, 2.630e+02, 2.690e+02, 2.710e+02, 2.770e+02, 
 2.810e+02, 2.830e+02, 2.930e+02, 3.070e+02, 3.110e+02, 
 3.130e+02) 

t = ( 1.390e+02, 
 1.490e+02, 1.510e+02, 1.570e+02, 1.630e+02, 1.670e+02, 
 1.730e+02, 1.790e+02, 1.810e+02, 1.910e+02, 1.930e+02, 1.970e+02, 1.990e+02, 2.110e+02, 2.230e+02, 2.270e+02, 
 2.290e+02, 2.330e+02, 2.390e+02, 2.410e+02, 2.510e+02, 2.570e+02, 2.630e+02, 2.690e+02, 2.710e+02, 2.770e+02, 
 2.810e+02, 2.830e+02, 2.930e+02, 3.070e+02, 3.110e+02, 
 3.130e+02) 

r != s (as expected)
s == t (as expected)

r = ( 3.000e+00, 
 5.000e+00, 7.000e+00, 1.100e+01, 1.300e+01, 1.700e+01, 
 1.900e+01, 2.300e+01, 2.900e+01, 3.100e+01, 3.700e+01, 4.100e+01, 4.300e+01, 4.700e+01, 5.300e+01, 5.900e+01, 
 6.100e+01, 6.700e+01, 7.100e+01, 7.300e+01, 7.900e+01, 8.300e+01, 8.900e+01, 9.700e+01, 1.010e+02, 1.030e+02, 
 1.070e+02, 1.090e+02, 1.130e+02, 1.270e+02, 1.310e+02, 
 1.370e+02) 

s = ( 1.390e+02, 
 1.490e+02, 1.510e+02, 1.570e+02, 1.630e+02, 1.670e+02, 
 1.730e+02, 1.790e+02, 1.810e+02, 1.910e+02, 1.930e+02, 1.970e+02, 1.990e+02, 2.110e+02, 2.230e+02, 2.270e+02, 
 2.290e+02, 2.330e+02, 2.390e+02, 2.410e+02, 2.510e+02, 2.570e+02, 2.630e+02, 2.690e+02, 2.710e+02, 2.770e+02, 
 2.810e+02, 2.830e+02, 2.930e+02, 3.070e+02, 3.110e+02, 
 3.130e+02) 

t = ( 1.390e+02, 
 1.490e+02, 1.510e+02, 1.570e+02, 1.630e+02, 1.670e+02, 
 1.730e+02, 1.790e+02, 1.810e+02, 1.910e+02, 1.930e+02, 1.970e+02, 1.990e+02, 2.110e+02, 2.230e+02, 2.270e+02, 
 2.290e+02, 2.330e+02, 2.390e+02, 2.410e+02, 2.510e+02, 2.570e+02, 2.630e+02, 2.690e+02, 2.710e+02, 2.770e+02, 
 2.810e+02, 2.830e+02, 2.930e+02, 3.070e+02, 3.110e+02, 
 3.130e+02) 

r != s (as expected)
s == t (as expected)

r = ( 3.000e+00, 
 5.000e+00, 7.000e+00, 1.100e+01, 1.300e+01, 1.700e+01, 
 1.900e+01, 2.300e+01, 2.900e+01, 3.100e+01, 3.700e+01, 4.100e+01, 4.300e+01, 4.700e+01, 5.300e+01, 5.900e+01, 
 6.100e+01, 6.700e+01, 7.100e+01, 7.300e+01, 7.900e+01, 8.300e+01, 8.900e+01, 9.700e+01, 1.010e+02, 1.030e+02, 
 1.070e+02, 1.090e+02, 1.130e+02, 1.270e+02, 1.310e+02, 
 1.370e+02) 

s = ( 1.390e+02, 
 1.490e+02, 1.510e+02, 1.570e+02, 1.630e+02, 1.670e+02, 
 1.730e+02, 1.790e+02, 1.810e+02, 1.910e+02, 1.930e+02, 1.970e+02, 1.990e+02, 2.110e+02, 2.230e+02, 2.270e+02, 
 2.290e+02, 2.330e+02, 2.390e+02, 2.410e+02, 2.510e+02, 2.570e+02, 2.630e+02, 2.690e+02, 2.710e+02, 2.770e+02, 
 2.810e+02, 2.830e+02, 2.930e+02, 3.070e+02, 3.110e+02, 
 3.130e+02) 

u = r*s = (-8.183e+04, 
-5.580e+04, 1.428e+05,-7.222e+04,-7.259e+04,-7.073e+04, 
 1.279e+05,-4.273e+04,-7.891e+04,-7.716e+04, 1.265e+05,-7.716e+04,-7.224e+04, 1.170e+05, 1.142e+05,-8.031e+04, 
 1.226e+05,-9.652e+04,-9.352e+04, 1.107e+05, 1.096e+05,-5.714e+04,-8.508e+04,-8.271e+04, 1.108e+05,-6.656e+04, 
-5.323e+04,-4.914e+04, 9.670e+04,-3.977e+04, 9.355e+04, 
 9.172e+04) 


r = ( 3.000e+00, 
 5.000e+00, 7.000e+00, 1.100e+01, 1.300e+01, 1.700e+01, 
 1.900e+01, 2.300e+01, 2.900e+01, 3.100e+01, 3.700e+01, 4.100e+01, 4.300e+01, 4.700e+01, 5.300e+01, 5.900e+01, 
 6.100e+01, 6.700e+01, 7.100e+01, 7.300e+01, 7.900e+01, 8.300e+01, 8.900e+01, 9.700e+01, 1.010e+02, 1.030e+02, 
 1.070e+02, 1.090e+02, 1.130e+02, 1.270e+02, 1.310e+02, 
 1.370e+02) 

u = r/2 = ( 1.500e+00, 
 2.500e+00, 3.500e+00, 5.500e+00, 6.500e+00, 8.500e+00, 
 9.500e+00, 1.150e+01, 1.450e+01, 1.550e+01, 1.850e+01, 2.050e+01, 2.150e+01, 2.350e+01, 2.650e+01, 2.950e+01, 
 3.050e+01, 3.350e+01, 3.550e+01, 3.650e+01, 3.950e+01, 4.150e+01, 4.450e+01, 4.850e+01, 5.050e+01, 5.150e+01, 
 5.350e+01, 5.450e+01, 5.650e+01, 6.350e+01, 6.550e+01, 
 6.850e+01) 


r = ( 3.000e+00, 
 5.000e+00, 7.000e+00, 1.100e+01, 1.300e+01, 1.700e+01, 
 1.900e+01, 2.300e+01, 2.900e+01, 3.100e+01, 3.700e+01, 4.100e+01, 4.300e+01, 4.700e+01, 5.300e+01, 5.900e+01, 
 6.100e+01, 6.700e+01, 7.100e+01, 7.300e+01, 7.900e+01, 8.300e+01, 8.900e+01, 9.700e+01, 1.010e+02, 1.030e+02, 
 1.070e+02, 1.090e+02, 1.130e+02, 1.270e+02, 1.310e+02, 
 1.370e+02) 

s = ( 1.390e+02, 
 1.490e+02, 1.510e+02, 1.570e+02, 1.630e+02, 1.670e+02, 
 1.730e+02, 1.790e+02, 1.810e+02, 1.910e+02, 1.930e+02, 1.970e+02, 1.990e+02, 2.110e+02, 2.230e+02, 2.270e+02, 
 2.290e+02, 2.330e+02, 2.390e+02, 2.410e+02, 2.510e+02, 2.570e+02, 2.630e+02, 2.690e+02, 2.710e+02, 2.770e+02, 
 2.810e+02, 2.830e+02, 2.930e+02, 3.070e+02, 3.110e+02, 
 3.130e+02) 

u = GA5_4_1_Wedge(r, s) = ( 4.170e+02, 
 1.142e+03, 1.426e+03, 2.000e+03, 2.296e+03, 2.864e+03, 
 2.872e+03, 2.880e+03, 3.452e+03, 3.184e+03, 5.160e+03, 5.468e+03, 5.176e+03, 6.918e+03, 7.204e+03, 8.282e+03, 
 1.580e+04, 1.681e+04, 1.808e+04, 1.846e+04, 2.066e+04, 2.262e+04, 2.167e+04, 2.437e+04, 2.595e+04, 2.681e+04, 
 2.468e+04, 2.502e+04, 2.729e+04, 2.854e+04, 3.511e+04, 
 9.172e+04) 


r = ( 3.000e+00, 
 5.000e+00, 7.000e+00, 1.100e+01, 1.300e+01, 1.700e+01, 
 1.900e+01, 2.300e+01, 2.900e+01, 3.100e+01, 3.700e+01, 4.100e+01, 4.300e+01, 4.700e+01, 5.300e+01, 5.900e+01, 
 6.100e+01, 6.700e+01, 7.100e+01, 7.300e+01, 7.900e+01, 8.300e+01, 8.900e+01, 9.700e+01, 1.010e+02, 1.030e+02, 
 1.070e+02, 1.090e+02, 1.130e+02, 1.270e+02, 1.310e+02, 
 1.370e+02) 

s = ( 1.390e+02, 
 1.490e+02, 1.510e+02, 1.570e+02, 1.630e+02, 1.670e+02, 
 1.730e+02, 1.790e+02, 1.810e+02, 1.910e+02, 1.930e+02, 1.970e+02, 1.990e+02, 2.110e+02, 2.230e+02, 2.270e+02, 
 2.290e+02, 2.330e+02, 2.390e+02, 2.410e+02, 2.510e+02, 2.570e+02, 2.630e+02, 2.690e+02, 2.710e+02, 2.770e+02, 
 2.810e+02, 2.830e+02, 2.930e+02, 3.070e+02, 3.110e+02, 
 3.130e+02) 

u = GA5_4_1_AntiWedge(r, s) = ( 9.172e+04, 
 5.355e+04, 5.541e+04, 6.166e+04, 6.491e+04, 6.805e+04, 
 7.456e+04, 8.166e+04, 8.623e+04, 8.801e+04, 8.918e+04, 9.276e+04, 9.342e+04, 9.575e+04, 9.999e+04, 1.051e+05, 
 5.012e+04, 5.249e+04, 5.492e+04, 5.303e+04, 5.664e+04, 5.867e+04, 6.035e+04, 6.404e+04, 6.550e+04, 6.947e+04, 
 7.199e+04, 7.289e+04, 7.551e+04, 8.181e+04, 8.361e+04, 
 4.288e+04) 


r = ( 3.000e+00, 
 5.000e+00, 7.000e+00, 1.100e+01, 1.300e+01, 1.700e+01, 
 1.900e+01, 2.300e+01, 2.900e+01, 3.100e+01, 3.700e+01, 4.100e+01, 4.300e+01, 4.700e+01, 5.300e+01, 5.900e+01, 
 6.100e+01, 6.700e+01, 7.100e+01, 7.300e+01, 7.900e+01, 8.300e+01, 8.900e+01, 9.700e+01, 1.010e+02, 1.030e+02, 
 1.070e+02, 1.090e+02, 1.130e+02, 1.270e+02, 1.310e+02, 
 1.370e+02) 

s = ( 1.390e+02, 
 1.490e+02, 1.510e+02, 1.570e+02, 1.630e+02, 1.670e+02, 
 1.730e+02, 1.790e+02, 1.810e+02, 1.910e+02, 1.930e+02, 1.970e+02, 1.990e+02, 2.110e+02, 2.230e+02, 2.270e+02, 
 2.290e+02, 2.330e+02, 2.390e+02, 2.410e+02, 2.510e+02, 2.570e+02, 2.630e+02, 2.690e+02, 2.710e+02, 2.770e+02, 
 2.810e+02, 2.830e+02, 2.930e+02, 3.070e+02, 3.110e+02, 
 3.130e+02) 

u = GA5_4_1_Regressive(r, s) = ( 9.172e+04, 
 5.844e+04, 6.830e+04, 6.941e+04, 7.416e+04, 7.791e+04, 
 7.456e+04, 8.166e+04, 8.623e+04, 8.801e+04, 8.918e+04, 9.276e+04, 9.342e+04, 9.575e+04, 9.999e+04, 1.051e+05, 
 5.081e+04, 5.329e+04, 5.501e+04, 5.870e+04, 6.159e+04, 6.371e+04, 6.742e+04, 7.039e+04, 7.198e+04, 7.091e+04, 
 7.199e+04, 7.289e+04, 7.551e+04, 8.181e+04, 8.361e+04, 
 4.288e+04) 


r = ( 3.000e+00, 
 5.000e+00, 7.000e+00, 1.100e+01, 1.300e+01, 1.700e+01, 
 1.900e+01, 2.300e+01, 2.900e+01, 3.100e+01, 3.700e+01, 4.100e+01, 4.300e+01, 4.700e+01, 5.300e+01, 5.900e+01, 
 6.100e+01, 6.700e+01, 7.100e+01, 7.300e+01, 7.900e+01, 8.300e+01, 8.900e+01, 9.700e+01, 1.010e+02, 1.030e+02, 
 1.070e+02, 1.090e+02, 1.130e+02, 1.270e+02, 1.310e+02, 
 1.370e+02) 

s = ( 1.390e+02, 
 1.490e+02, 1.510e+02, 1.570e+02, 1.630e+02, 1.670e+02, 
 1.730e+02, 1.790e+02, 1.810e+02, 1.910e+02, 1.930e+02, 1.970e+02, 1.990e+02, 2.110e+02, 2.230e+02, 2.270e+02, 
 2.290e+02, 2.330e+02, 2.390e+02, 2.410e+02, 2.510e+02, 2.570e+02, 2.630e+02, 2.690e+02, 2.710e+02, 2.770e+02, 
 2.810e+02, 2.830e+02, 2.930e+02, 3.070e+02, 3.110e+02, 
 3.130e+02) 

u = GA5_4_1_Regressive_Via_Formula(r, s) = ( 9.172e+04, 
 5.844e+04, 6.830e+04, 6.941e+04, 7.416e+04, 7.791e+04, 
 7.456e+04, 8.166e+04, 8.623e+04, 8.801e+04, 8.918e+04, 9.276e+04, 9.342e+04, 9.575e+04, 9.999e+04, 1.051e+05, 
 5.081e+04, 5.329e+04, 5.501e+04, 5.870e+04, 6.159e+04, 6.371e+04, 6.742e+04, 7.039e+04, 7.198e+04, 7.091e+04, 
 7.199e+04, 7.289e+04, 7.551e+04, 8.181e+04, 8.361e+04, 
 4.288e+04) 


r = ( 3.000e+00, 
 5.000e+00, 7.000e+00, 1.100e+01, 1.300e+01, 1.700e+01, 
 1.900e+01, 2.300e+01, 2.900e+01, 3.100e+01, 3.700e+01, 4.100e+01, 4.300e+01, 4.700e+01, 5.300e+01, 5.900e+01, 
 6.100e+01, 6.700e+01, 7.100e+01, 7.300e+01, 7.900e+01, 8.300e+01, 8.900e+01, 9.700e+01, 1.010e+02, 1.030e+02, 
 1.070e+02, 1.090e+02, 1.130e+02, 1.270e+02, 1.310e+02, 
 1.370e+02) 

s = ( 1.390e+02, 
 1.490e+02, 1.510e+02, 1.570e+02, 1.630e+02, 1.670e+02, 
 1.730e+02, 1.790e+02, 1.810e+02, 1.910e+02, 1.930e+02, 1.970e+02, 1.990e+02, 2.110e+02, 2.230e+02, 2.270e+02, 
 2.290e+02, 2.330e+02, 2.390e+02, 2.410e+02, 2.510e+02, 2.570e+02, 2.630e+02, 2.690e+02, 2.710e+02, 2.770e+02, 
 2.810e+02, 2.830e+02, 2.930e+02, 3.070e+02, 3.110e+02, 
 3.130e+02) 

u = GA5_4_1_Lower_Right_Via_Formula(r, s) = (-4.288e+04, 
-8.361e+04, 8.181e+04,-7.551e+04, 7.289e+04, 7.199e+04, 
 7.091e+04,-7.198e+04, 7.039e+04, 6.742e+04, 6.371e+04,-6.159e+04,-5.870e+04, 5.501e+04, 5.329e+04,-5.081e+04, 
 1.051e+05,-9.999e+04,-9.575e+04, 9.342e+04, 9.276e+04,-8.918e+04,-8.801e+04,-8.623e+04, 8.166e+04,-7.456e+04, 
-7.791e+04,-7.416e+04, 6.941e+04,-6.830e+04, 5.844e+04, 
 9.172e+04) 


r = ( 3.000e+00, 
 5.000e+00, 7.000e+00, 1.100e+01, 1.300e+01, 1.700e+01, 
 1.900e+01, 2.300e+01, 2.900e+01, 3.100e+01, 3.700e+01, 4.100e+01, 4.300e+01, 4.700e+01, 5.300e+01, 5.900e+01, 
 6.100e+01, 6.700e+01, 7.100e+01, 7.300e+01, 7.900e+01, 8.300e+01, 8.900e+01, 9.700e+01, 1.010e+02, 1.030e+02, 
 1.070e+02, 1.090e+02, 1.130e+02, 1.270e+02, 1.310e+02, 
 1.370e+02) 

s = ( 1.390e+02, 
 1.490e+02, 1.510e+02, 1.570e+02, 1.630e+02, 1.670e+02, 
 1.730e+02, 1.790e+02, 1.810e+02, 1.910e+02, 1.930e+02, 1.970e+02, 1.990e+02, 2.110e+02, 2.230e+02, 2.270e+02, 
 2.290e+02, 2.330e+02, 2.390e+02, 2.410e+02, 2.510e+02, 2.570e+02, 2.630e+02, 2.690e+02, 2.710e+02, 2.770e+02, 
 2.810e+02, 2.830e+02, 2.930e+02, 3.070e+02, 3.110e+02, 
 3.130e+02) 

u = GA5_4_1_Expander(r, s) = ( 0.000e+00, 
 0.000e+00, 0.000e+00, 0.000e+00, 0.000e+00, 0.000e+00, 
-2.880e+02,-8.540e+02,-1.122e+03,-1.698e+03,-5.620e+02,-8.220e+02,-1.398e+03,-2.480e+02,-8.320e+02,-6.000e+02, 
 6.638e+03, 6.794e+03, 7.498e+03, 7.590e+03, 8.928e+03, 1.031e+04, 8.510e+03, 1.008e+04, 1.110e+04, 1.166e+04, 
-3.582e+04,-3.411e+04, 5.129e+04,-2.902e+04, 4.999e+04, 
 7.173e+04) 


r = ( 3.000e+00, 
 5.000e+00, 7.000e+00, 1.100e+01, 1.300e+01, 1.700e+01, 
 1.900e+01, 2.300e+01, 2.900e+01, 3.100e+01, 3.700e+01, 4.100e+01, 4.300e+01, 4.700e+01, 5.300e+01, 5.900e+01, 
 6.100e+01, 6.700e+01, 7.100e+01, 7.300e+01, 7.900e+01, 8.300e+01, 8.900e+01, 9.700e+01, 1.010e+02, 1.030e+02, 
 1.070e+02, 1.090e+02, 1.130e+02, 1.270e+02, 1.310e+02, 
 1.370e+02) 

s = ( 1.390e+02, 
 1.490e+02, 1.510e+02, 1.570e+02, 1.630e+02, 1.670e+02, 
 1.730e+02, 1.790e+02, 1.810e+02, 1.910e+02, 1.930e+02, 1.970e+02, 1.990e+02, 2.110e+02, 2.230e+02, 2.270e+02, 
 2.290e+02, 2.330e+02, 2.390e+02, 2.410e+02, 2.510e+02, 2.570e+02, 2.630e+02, 2.690e+02, 2.710e+02, 2.770e+02, 
 2.810e+02, 2.830e+02, 2.930e+02, 3.070e+02, 3.110e+02, 
 3.130e+02) 

u = GA5_4_1_Conserver(r, s) = ( 4.170e+02, 
 1.142e+03, 1.426e+03, 2.000e+03, 2.296e+03, 2.864e+03, 
 5.008e+03, 1.780e+02,-6.568e+03,-7.230e+03, 5.950e+03, 4.624e+03, 4.014e+03, 7.692e+03, 8.348e+03, 9.968e+03, 
 1.042e+04, 2.427e+04, 2.334e+04, 1.147e+04, 1.016e+04,-9.842e+03, 2.555e+04, 2.557e+04, 1.627e+04, 3.133e+04, 
 1.078e+04, 1.138e+04, 2.046e+04, 1.213e+04, 2.159e+04, 
 1.998e+04) 


r = ( 3.000e+00, 
 5.000e+00, 7.000e+00, 1.100e+01, 1.300e+01, 1.700e+01, 
 1.900e+01, 2.300e+01, 2.900e+01, 3.100e+01, 3.700e+01, 4.100e+01, 4.300e+01, 4.700e+01, 5.300e+01, 5.900e+01, 
 6.100e+01, 6.700e+01, 7.100e+01, 7.300e+01, 7.900e+01, 8.300e+01, 8.900e+01, 9.700e+01, 1.010e+02, 1.030e+02, 
 1.070e+02, 1.090e+02, 1.130e+02, 1.270e+02, 1.310e+02, 
 1.370e+02) 

s = ( 1.390e+02, 
 1.490e+02, 1.510e+02, 1.570e+02, 1.630e+02, 1.670e+02, 
 1.730e+02, 1.790e+02, 1.810e+02, 1.910e+02, 1.930e+02, 1.970e+02, 1.990e+02, 2.110e+02, 2.230e+02, 2.270e+02, 
 2.290e+02, 2.330e+02, 2.390e+02, 2.410e+02, 2.510e+02, 2.570e+02, 2.630e+02, 2.690e+02, 2.710e+02, 2.770e+02, 
 2.810e+02, 2.830e+02, 2.930e+02, 3.070e+02, 3.110e+02, 
 3.130e+02) 

u = GA5_4_1_Shrinker(r, s) = (-8.225e+04, 
-5.694e+04, 1.414e+05,-7.422e+04,-7.489e+04,-7.359e+04, 
 1.232e+05,-4.205e+04,-7.122e+04,-6.823e+04, 1.211e+05,-8.097e+04,-7.486e+04, 1.095e+05, 1.067e+05,-8.968e+04, 
 1.055e+05,-1.276e+05,-1.244e+05, 9.162e+04, 9.053e+04,-5.760e+04,-1.191e+05,-1.184e+05, 8.343e+04,-1.096e+05, 
-2.820e+04,-2.640e+04, 2.495e+04,-2.288e+04, 2.198e+04, 
 0.000e+00) 


r = ( 3.000e+00, 
 5.000e+00, 7.000e+00, 1.100e+01, 1.300e+01, 1.700e+01, 
 1.900e+01, 2.300e+01, 2.900e+01, 3.100e+01, 3.700e+01, 4.100e+01, 4.300e+01, 4.700e+01, 5.300e+01, 5.900e+01, 
 6.100e+01, 6.700e+01, 7.100e+01, 7.300e+01, 7.900e+01, 8.300e+01, 8.900e+01, 9.700e+01, 1.010e+02, 1.030e+02, 
 1.070e+02, 1.090e+02, 1.130e+02, 1.270e+02, 1.310e+02, 
 1.370e+02) 

s = ( 1.390e+02, 
 1.490e+02, 1.510e+02, 1.570e+02, 1.630e+02, 1.670e+02, 
 1.730e+02, 1.790e+02, 1.810e+02, 1.910e+02, 1.930e+02, 1.970e+02, 1.990e+02, 2.110e+02, 2.230e+02, 2.270e+02, 
 2.290e+02, 2.330e+02, 2.390e+02, 2.410e+02, 2.510e+02, 2.570e+02, 2.630e+02, 2.690e+02, 2.710e+02, 2.770e+02, 
 2.810e+02, 2.830e+02, 2.930e+02, 3.070e+02, 3.110e+02, 
 3.130e+02) 

u = GA5_4_1_Symmetric(r, s) = (-8.183e+04, 
-6.287e+04, 1.410e+05,-5.391e+04,-7.957e+04,-7.880e+04, 
 1.299e+05,-3.257e+04,-8.303e+04,-8.267e+04, 1.245e+05,-6.943e+04,-6.298e+04, 1.170e+05, 1.163e+05,-8.327e+04, 
 1.209e+05,-8.318e+04,-7.767e+04, 1.119e+05, 1.134e+05,-6.656e+04,-6.634e+04,-6.186e+04, 1.076e+05,-4.776e+04, 
-4.470e+04,-3.935e+04, 9.703e+04,-2.804e+04, 9.377e+04, 
 9.172e+04) 


r = ( 3.000e+00, 
 5.000e+00, 7.000e+00, 1.100e+01, 1.300e+01, 1.700e+01, 
 1.900e+01, 2.300e+01, 2.900e+01, 3.100e+01, 3.700e+01, 4.100e+01, 4.300e+01, 4.700e+01, 5.300e+01, 5.900e+01, 
 6.100e+01, 6.700e+01, 7.100e+01, 7.300e+01, 7.900e+01, 8.300e+01, 8.900e+01, 9.700e+01, 1.010e+02, 1.030e+02, 
 1.070e+02, 1.090e+02, 1.130e+02, 1.270e+02, 1.310e+02, 
 1.370e+02) 

s = ( 1.390e+02, 
 1.490e+02, 1.510e+02, 1.570e+02, 1.630e+02, 1.670e+02, 
 1.730e+02, 1.790e+02, 1.810e+02, 1.910e+02, 1.930e+02, 1.970e+02, 1.990e+02, 2.110e+02, 2.230e+02, 2.270e+02, 
 2.290e+02, 2.330e+02, 2.390e+02, 2.410e+02, 2.510e+02, 2.570e+02, 2.630e+02, 2.690e+02, 2.710e+02, 2.770e+02, 
 2.810e+02, 2.830e+02, 2.930e+02, 3.070e+02, 3.110e+02, 
 3.130e+02) 

u = GA5_4_1_AntiSymmetric(r, s) = ( 0.000e+00, 
 7.070e+03, 1.848e+03,-1.830e+04, 6.982e+03, 8.068e+03, 
-2.030e+03,-1.016e+04, 4.116e+03, 5.506e+03, 2.052e+03,-7.734e+03,-9.260e+03, 3.800e+01,-2.124e+03, 2.954e+03, 
 1.654e+03,-1.334e+04,-1.586e+04,-1.196e+03,-3.806e+03, 9.424e+03,-1.874e+04,-2.085e+04, 3.190e+03,-1.881e+04, 
-8.532e+03,-9.782e+03,-3.240e+02,-1.172e+04,-2.140e+02, 
 0.000e+00) 


r = ( 3.000e+00, 
 5.000e+00, 7.000e+00, 1.100e+01, 1.300e+01, 1.700e+01, 
 1.900e+01, 2.300e+01, 2.900e+01, 3.100e+01, 3.700e+01, 4.100e+01, 4.300e+01, 4.700e+01, 5.300e+01, 5.900e+01, 
 6.100e+01, 6.700e+01, 7.100e+01, 7.300e+01, 7.900e+01, 8.300e+01, 8.900e+01, 9.700e+01, 1.010e+02, 1.030e+02, 
 1.070e+02, 1.090e+02, 1.130e+02, 1.270e+02, 1.310e+02, 
 1.370e+02) 

s = ( 1.390e+02, 
 1.490e+02, 1.510e+02, 1.570e+02, 1.630e+02, 1.670e+02, 
 1.730e+02, 1.790e+02, 1.810e+02, 1.910e+02, 1.930e+02, 1.970e+02, 1.990e+02, 2.110e+02, 2.230e+02, 2.270e+02, 
 2.290e+02, 2.330e+02, 2.390e+02, 2.410e+02, 2.510e+02, 2.570e+02, 2.630e+02, 2.690e+02, 2.710e+02, 2.770e+02, 
 2.810e+02, 2.830e+02, 2.930e+02, 3.070e+02, 3.110e+02, 
 3.130e+02) 

u = GA5_4_1_Inner(r, s) = (-8.225e+04, 
-5.694e+04, 1.414e+05,-7.422e+04,-7.489e+04,-7.359e+04, 
 1.268e+05,-3.630e+04,-8.760e+04,-8.755e+04, 1.187e+05,-7.572e+04,-6.955e+04, 1.098e+05, 1.083e+05,-9.215e+04, 
 4.996e+04,-7.474e+04,-7.223e+04, 3.892e+04, 3.759e+04,-6.448e+03,-6.700e+04,-6.601e+04, 3.350e+04,-6.464e+04, 
-2.820e+04,-2.640e+04, 2.495e+04,-2.288e+04, 2.198e+04, 
 0.000e+00) 


r = ( 3.000e+00, 
 5.000e+00, 7.000e+00, 1.100e+01, 1.300e+01, 1.700e+01, 
 1.900e+01, 2.300e+01, 2.900e+01, 3.100e+01, 3.700e+01, 4.100e+01, 4.300e+01, 4.700e+01, 5.300e+01, 5.900e+01, 
 6.100e+01, 6.700e+01, 7.100e+01, 7.300e+01, 7.900e+01, 8.300e+01, 8.900e+01, 9.700e+01, 1.010e+02, 1.030e+02, 
 1.070e+02, 1.090e+02, 1.130e+02, 1.270e+02, 1.310e+02, 
 1.370e+02) 

s = ( 1.390e+02, 
 1.490e+02, 1.510e+02, 1.570e+02, 1.630e+02, 1.670e+02, 
 1.730e+02, 1.790e+02, 1.810e+02, 1.910e+02, 1.930e+02, 1.970e+02, 1.990e+02, 2.110e+02, 2.230e+02, 2.270e+02, 
 2.290e+02, 2.330e+02, 2.390e+02, 2.410e+02, 2.510e+02, 2.570e+02, 2.630e+02, 2.690e+02, 2.710e+02, 2.770e+02, 
 2.810e+02, 2.830e+02, 2.930e+02, 3.070e+02, 3.110e+02, 
 3.130e+02) 

u = GA5_4_1_Left_Contraction(r, s) = (-8.183e+04, 
-9.711e+04, 5.640e+04, 3.444e+04,-1.033e+05,-9.709e+04, 
 5.332e+04,-1.635e+04,-1.701e+04,-1.626e+04, 4.552e+04,-3.141e+04,-2.715e+04, 3.874e+04, 3.745e+04,-3.632e+04, 
 2.031e+04,-7.818e+03,-7.072e+03, 1.743e+04, 1.560e+04,-1.624e+04,-2.222e+03,-2.812e+03, 6.056e+03,-1.404e+03, 
-4.478e+03,-3.220e+03, 4.322e+03,-1.270e+03, 2.498e+03, 
 9.390e+02) 


r = ( 3.000e+00, 
 5.000e+00, 7.000e+00, 1.100e+01, 1.300e+01, 1.700e+01, 
 1.900e+01, 2.300e+01, 2.900e+01, 3.100e+01, 3.700e+01, 4.100e+01, 4.300e+01, 4.700e+01, 5.300e+01, 5.900e+01, 
 6.100e+01, 6.700e+01, 7.100e+01, 7.300e+01, 7.900e+01, 8.300e+01, 8.900e+01, 9.700e+01, 1.010e+02, 1.030e+02, 
 1.070e+02, 1.090e+02, 1.130e+02, 1.270e+02, 1.310e+02, 
 1.370e+02) 

s = ( 1.390e+02, 
 1.490e+02, 1.510e+02, 1.570e+02, 1.630e+02, 1.670e+02, 
 1.730e+02, 1.790e+02, 1.810e+02, 1.910e+02, 1.930e+02, 1.970e+02, 1.990e+02, 2.110e+02, 2.230e+02, 2.270e+02, 
 2.290e+02, 2.330e+02, 2.390e+02, 2.410e+02, 2.510e+02, 2.570e+02, 2.630e+02, 2.690e+02, 2.710e+02, 2.770e+02, 
 2.810e+02, 2.830e+02, 2.930e+02, 3.070e+02, 3.110e+02, 
 3.130e+02) 

u = GA5_4_1_Right_Contraction(r, s) = (-8.183e+04, 
 4.131e+04, 8.645e+04,-1.067e+05, 3.070e+04, 2.636e+04, 
 7.661e+04,-1.622e+04,-6.601e+04,-6.641e+04, 7.894e+04,-3.802e+04,-3.583e+04, 7.821e+04, 7.885e+04,-4.695e+04, 
 3.882e+04,-5.691e+04,-5.457e+04, 3.236e+04, 3.373e+04, 2.210e+04,-5.162e+04,-4.891e+04, 4.229e+04,-4.809e+04, 
-8.006e+03,-7.180e+03, 3.722e+04,-3.034e+03, 3.862e+04, 
 1.904e+04) 


r = ( 3.000e+00, 
 5.000e+00, 7.000e+00, 1.100e+01, 1.300e+01, 1.700e+01, 
 1.900e+01, 2.300e+01, 2.900e+01, 3.100e+01, 3.700e+01, 4.100e+01, 4.300e+01, 4.700e+01, 5.300e+01, 5.900e+01, 
 6.100e+01, 6.700e+01, 7.100e+01, 7.300e+01, 7.900e+01, 8.300e+01, 8.900e+01, 9.700e+01, 1.010e+02, 1.030e+02, 
 1.070e+02, 1.090e+02, 1.130e+02, 1.270e+02, 1.310e+02, 
 1.370e+02) 

u = GA5_4_1_Determinant(r) = (-9.875e+07, -5.440e+07)

r = ( 3.000e+00, 
 5.000e+00, 7.000e+00, 1.100e+01, 1.300e+01, 1.700e+01, 
 1.900e+01, 2.300e+01, 2.900e+01, 3.100e+01, 3.700e+01, 4.100e+01, 4.300e+01, 4.700e+01, 5.300e+01, 5.900e+01, 
 6.100e+01, 6.700e+01, 7.100e+01, 7.300e+01, 7.900e+01, 8.300e+01, 8.900e+01, 9.700e+01, 1.010e+02, 1.030e+02, 
 1.070e+02, 1.090e+02, 1.130e+02, 1.270e+02, 1.310e+02, 
 1.370e+02) 

u = GA5_4_1_Adjugate(r) = (-1.124e+05, 
-8.503e+04,-1.905e+05, 2.120e+05, 3.004e+05, 1.083e+05, 
-2.461e+05, 1.766e+04,-9.600e+04,-2.318e+05,-8.313e+05,-2.183e+06,-1.974e+06,-1.179e+06,-8.631e+05,-5.212e+05, 
 8.867e+05, 2.096e+06, 1.825e+06, 3.016e+05, 2.233e+04, 4.253e+05,-4.199e+06,-3.891e+06,-4.447e+05, 1.329e+05, 
-4.053e+06,-3.689e+06,-2.797e+05, 2.198e+05, 1.892e+03, 
 1.632e+04) 


r = ( 3.000e+00, 
 5.000e+00, 7.000e+00, 1.100e+01, 1.300e+01, 1.700e+01, 
 1.900e+01, 2.300e+01, 2.900e+01, 3.100e+01, 3.700e+01, 4.100e+01, 4.300e+01, 4.700e+01, 5.300e+01, 5.900e+01, 
 6.100e+01, 6.700e+01, 7.100e+01, 7.300e+01, 7.900e+01, 8.300e+01, 8.900e+01, 9.700e+01, 1.010e+02, 1.030e+02, 
 1.070e+02, 1.090e+02, 1.130e+02, 1.270e+02, 1.310e+02, 
 1.370e+02) 

u = GA5_4_1_Reciprocal(r) = ( 8.035e-04, 
 6.525e-04, 2.421e-03,-4.496e-04,-1.812e-02,-1.819e-02, 
 2.481e-03, 1.766e-03,-1.591e-02,-1.617e-02, 8.279e-03, 1.686e-02, 1.405e-02, 1.697e-02, 1.568e-02, 2.544e-04, 
-9.119e-03,-1.259e-02,-9.130e-03,-1.079e-02,-9.515e-03, 2.537e-04, 3.361e-02, 3.064e-02, 3.530e-03, 2.041e-05, 
 3.102e-02, 2.738e-02, 3.080e-03,-8.919e-04,-3.786e-04, 
-6.079e-04) 


s = r*(1/r) = ( 1.000e+00, 
 5.052e-16, 3.383e-17,-2.500e-17,-2.533e-16,-6.418e-16, 
 4.710e-16, 2.957e-16,-2.914e-16,-1.076e-16, 9.980e-17,-6.922e-16, 4.510e-17,-6.245e-17, 2.394e-16,-8.966e-17, 
 5.280e-17,-2.585e-16, 2.828e-16, 3.192e-16, 6.002e-16, 2.820e-16, 2.047e-16, 3.747e-16,-2.550e-16,-9.151e-17, 
-1.874e-16,-3.469e-17,-1.900e-16,-7.481e-17,-1.735e-18, 
-1.579e-16) 



Verifying 64 GA5_4_1_Comp transforms
+ + + + + + + + + + + + + + + + + + + + + + + + + + + + + + + + + + + + + + + + + + + + + + + + + + + + + + + + + + + + + + + + 

Verifying 360 GA5_4_1_Magic transforms
+ + + + + + + + + + + + + + + + + + + + + + + + + + + + + + + + + + + + + + + + + + + + + + + + + + + + + + + + + + + + + + + + + + + + + + + + + + + + + + + + + + + + + + + + + + + + + + + + + + + + + + + + + + + + + + + + + + + + + + + + + + + + + + + + + + + + + + + + + + + + + + + + + + + + + + + + + + + + + + + + + + + + + + + + + + + + + + + + + + + + + + + + + + + + + + + + + + + + + + + + + + + + + + + + + + + + + + + + + + + + + + + + + + + + + + + + + + + + + + + + + + + + + + + + + + + + + + + + + + + + + + + + + + + + + + + + + + + + + + + + + + + + + + + + + + + + + + + + + + + + + + + + + + + + + + + + + + + + + + + + + + + + + + + + + + + + + + + + + + + + + + + + + + + + + + + + + + + + + + + + 
