
GA4E Routines Demo

PrintlnMV Demo
r = (         3,
           5,         7,        11,        13,
          17,        19,        23,         29,        31,        37,
          41,        43,        47,        53,
         59) 

PrintMV Demo
r = (         3,           5,         7,        11,        13,          17,        19,        23,         29,        31,        37,          41,        43,        47,        53,         59) 

OverBar Demo
r =              (         3,           5,         7,        11,        13,          17,        19,        23,         29,        31,        37,          41,        43,        47,        53,         59) 
u = OverBar(r) = (        59,         -53,        47,       -43,        41,          37,       -31,        29,         23,       -19,        17,         -13,        11,        -7,         5,          3) 
Determinant is conserved
s = r*u =       (      -812,           0,         0,         0,         0,           0,         0,         0,          0,         0,         0,         612,       972,      4492,     15724,      16752) 

UnderBar Demo
r =               (         3,           5,         7,        11,        13,          17,        19,        23,         29,        31,        37,          41,        43,        47,        53,         59) 
u = UnderBar(r) = (        59,          53,       -47,        43,       -41,          37,       -31,        29,         23,       -19,        17,          13,       -11,         7,        -5,          3) 
Determinant is conserved
s = r*u =        (     -1308,       -1868,     -1596,     -1676,     -1716,           0,         0,         0,          0,         0,         0,           0,         0,         0,         0,      -1072) 
t = OverBar(UnderBar(r)) =        (         3,           5,         7,        11,        13,          17,        19,        23,         29,        31,        37,          41,        43,        47,        53,         59) 

Reverse Demo
r =               (         3,           5,         7,        11,        13,          17,        19,        23,         29,        31,        37,          41,        43,        47,        53,         59) 
u = Reverse(r) = (         3,           5,         7,        11,        13,         -17,       -19,       -23,        -29,       -31,       -37,         -41,       -43,       -47,       -53,         59) 
Determinant is conserved
s = r*u =        (     16752,       15724,     -4492,       972,      -612,           0,         0,         0,          0,         0,         0,           0,         0,         0,         0,       -812) 
t = Reverse(Reverse(r)) =        (         3,           5,         7,        11,        13,          17,        19,        23,         29,        31,        37,          41,        43,        47,        53,         59) 

Involution Demo
r =               (         3,           5,         7,        11,        13,          17,        19,        23,         29,        31,        37,          41,        43,        47,        53,         59) 
u = Involution(r) = (         3,          -5,        -7,       -11,       -13,          17,        19,        23,         29,        31,        37,         -41,       -43,       -47,       -53,         59) 
Determinant is conserved
s = r*u =        (      7324,        4844,     -6688,      4624,     -3300,       -6284,      3124,     -5072,       -904,      3164,     -2996,       -4876,      4184,     -3192,      2932,       1768) 
t = Involution(Involution(r)) =        (         3,           5,         7,        11,        13,          17,        19,        23,         29,        31,        37,          41,        43,        47,        53,         59) 

Transpose Demo
r =               (         3,           5,         7,        11,        13,          17,        19,        23,         29,        31,        37,          41,        43,        47,        53,         59) 
u = Transpose(r) = (         3,           5,         7,        11,        13,         -17,       -19,       -23,        -29,       -31,       -37,         -41,       -43,       -47,       -53,         59) 
Determinant is conserved
s = r*u =        (     16752,       15724,     -4492,       972,      -612,           0,         0,         0,          0,         0,         0,           0,         0,         0,         0,       -812) 
t = Transpose(Transpose(r)) =        (         3,           5,         7,        11,        13,          17,        19,        23,         29,        31,        37,          41,        43,        47,        53,         59) 

Conjugation Demo
r =               (         3,           5,         7,        11,        13,          17,        19,        23,         29,        31,        37,          41,        43,        47,        53,         59) 
u = Conjugation(r) = (         3,          -5,        -7,       -11,       -13,         -17,       -19,       -23,        -29,       -31,       -37,         -41,       -43,       -47,       -53,        -59) 
Determinant is not conserved
s = r*u =        (      9062,        8030,      -130,     -4618,      5686,        2346,     -4306,      1634,       4350,     -1506,       794,        -338,      -346,      -226,      -434,      -1414) 
t = Conjugation(Conjugation(r)) =        (         3,           5,         7,        11,        13,          17,        19,        23,         29,        31,        37,          41,        43,        47,        53,         59) 

CliffordConjugation Demo
r =               (         3,           5,         7,        11,        13,          17,        19,        23,         29,        31,        37,          41,        43,        47,        53,         59) 
u = CliffordConjugation(r) = (         3,          -5,        -7,       -11,       -13,         -17,       -19,       -23,        -29,       -31,       -37,          41,        43,        47,        53,         59) 
Determinant is conserved
s = r*u =        (     -1072,           0,         0,         0,         0,           0,         0,         0,          0,         0,         0,        1716,     -1676,      1596,     -1868,      -1308) 
t = CliffordConjugation(CliffordConjugation(r)) =        (         3,           5,         7,        11,        13,          17,        19,        23,         29,        31,        37,          41,        43,        47,        53,         59) 

Dual Demo
r =               (         3,           5,         7,        11,        13,          17,        19,        23,         29,        31,        37,          41,        43,        47,        53,         59) 
u = Dual(r) = (        59,          53,       -47,        43,       -41,         -37,        31,       -29,        -23,        19,       -17,         -13,        11,        -7,         5,          3) 
Determinant is conserved
s = r*u =        (      1768,         752,      -508,       604,      -584,         572,      1692,      4176,       1496,      4420,      2244,        5608,      4684,      -172,     -8000,      -9044) 
t = Dual(Dual(r)) =        (         3,           5,         7,        11,        13,          17,        19,        23,         29,        31,        37,          41,        43,        47,        53,         59) 

DorstDual Demo
r =               (         3,           5,         7,        11,        13,          17,        19,        23,         29,        31,        37,          41,        43,        47,        53,         59) 
u = Reverse(r) = (        59,          53,       -47,        43,       -41,         -37,        31,       -29,        -23,        19,       -17,         -13,        11,        -7,         5,          3) 
Determinant is conserved
s = r*u =        (      1768,         752,      -508,       604,      -584,         572,      1692,      4176,       1496,      4420,      2244,        5608,      4684,      -172,     -8000,      -9044) 

DorstUnDual Demo
r =               (         3,           5,         7,        11,        13,          17,        19,        23,         29,        31,        37,          41,        43,        47,        53,         59) 
u = DorstUnDual(r) = (        59,          53,       -47,        43,       -41,         -37,        31,       -29,        -23,        19,       -17,         -13,        11,        -7,         5,          3) 
Determinant is conserved
s = r*u =        (      1768,         752,      -508,       604,      -584,         572,      1692,      4176,       1496,      4420,      2244,        5608,      4684,      -172,     -8000,      -9044) 
DorstUnDual(DorstDual(r)) = (         3,           5,         7,        11,        13,          17,        19,        23,         29,        31,        37,          41,        43,        47,        53,         59) 
DorstDual(DorstUnDual(r)) = (         3,           5,         7,        11,        13,          17,        19,        23,         29,        31,        37,          41,        43,        47,        53,         59) 

  r = (         3,           5,         7,        11,        13,          17,        19,        23,         29,        31,        37,          41,        43,        47,        53,         59) 
  s = (        61,          67,        71,        73,        79,          83,        89,        97,        101,       103,       107,         109,       113,       127,       131,        137) 
r+s = (        64,          72,        78,        84,        92,         100,       108,       120,        130,       134,       144,         150,       156,       174,       184,        196) 

  r = (         3,           5,         7,        11,        13,          17,        19,        23,         29,        31,        37,          41,        43,        47,        53,         59) 
  s = (        61,          67,        71,        73,        79,          83,        89,        97,        101,       103,       107,         109,       113,       127,       131,        137) 
r-s = (       -58,         -62,       -64,       -62,       -66,         -66,       -70,       -74,        -72,       -72,       -70,         -68,       -70,       -80,       -78,        -78) 

r = (         3,           5,         7,        11,        13,          17,        19,        23,         29,        31,        37,          41,        43,        47,        53,         59) 
s = (        61,          67,        71,        73,        79,          83,        89,        97,        101,       103,       107,         109,       113,       127,       131,        137) 
t = (        61,          67,        71,        73,        79,          83,        89,        97,        101,       103,       107,         109,       113,       127,       131,        137) 
r != s (as expected)
s == t (as expected)

r = (         3,           5,         7,        11,        13,          17,        19,        23,         29,        31,        37,          41,        43,        47,        53,         59) 
s = (        61,          67,        71,        73,        79,          83,        89,        97,        101,       103,       107,         109,       113,       127,       131,        137) 
t = (        61,          67,        71,        73,        79,          83,        89,        97,        101,       103,       107,         109,       113,       127,       131,        137) 
r != s (as expected)
s == t (as expected)

r = (         3,           5,         7,        11,        13,          17,        19,        23,         29,        31,        37,          41,        43,        47,        53,         59) 
s = (        61,          67,        71,        73,        79,          83,        89,        97,        101,       103,       107,         109,       113,       127,       131,        137) 
u = r*s = (    -26726,      -22094,      5514,     12558,    -22838,        -230,     13086,      1082,     -17626,      7466,      5090,        6846,      3354,      7478,      4458,       8798) 

r = (         3,           5,         7,        11,        13,          17,        19,        23,         29,        31,        37,          41,        43,        47,        53,         59) 
u = r/2 = (         1,           2,         3,         5,         6,           8,         9,        11,         14,        15,        18,          20,        21,        23,        26,         29) 

r = (         3,           5,         7,        11,        13,          17,        19,        23,         29,        31,        37,          41,        43,        47,        53,         59) 
s = (        61,          67,        71,        73,        79,          83,        89,        97,        101,       103,       107,         109,       113,       127,       131,        137) 
u = Wedge(r, s) = (       183,         506,       640,       890,      1030,        1172,      1054,      1424,       1596,      1830,      2498,        5036,      5210,      5692,      6684,       8798) 

r = (         3,           5,         7,        11,        13,          17,        19,        23,         29,        31,        37,          41,        43,        47,        53,         59) 
s = (        61,          67,        71,        73,        79,          83,        89,        97,        101,       103,       107,         109,       113,       127,       131,        137) 
u = AntiWedge(r, s) = (      8798,       12026,     12606,     13960,     15598,        7172,      7938,      8468,      10082,      9968,     10808,       12048,     12558,     13932,     14990,       8083) 

r = (         3,           5,         7,        11,        13,          17,        19,        23,         29,        31,        37,          41,        43,        47,        53,         59) 
s = (        61,          67,        71,        73,        79,          83,        89,        97,        101,       103,       107,         109,       113,       127,       131,        137) 
u = Regressive(r, s) = (      9842,       12026,     12606,     13960,     15598,        7280,      7770,      9280,       9782,     10680,     11956,       12048,     12558,     13932,     14990,       8083) 

r = (         3,           5,         7,        11,        13,          17,        19,        23,         29,        31,        37,          41,        43,        47,        53,         59) 
s = (        61,          67,        71,        73,        79,          83,        89,        97,        101,       103,       107,         109,       113,       127,       131,        137) 
u = RegressiveViaFormula(r, s) = (      9842,       12026,     12606,     13960,     15598,        7280,      7770,      9280,       9782,     10680,     11956,       12048,     12558,     13932,     14990,       8083) 

r = (         3,           5,         7,        11,        13,          17,        19,        23,         29,        31,        37,          41,        43,        47,        53,         59) 
s = (        61,          67,        71,        73,        79,          83,        89,        97,        101,       103,       107,         109,       113,       127,       131,        137) 
u = LowerRightViaFormula(r, s) = (      8083,        -468,      1054,      -776,       814,      -10808,      9968,    -10082,      -8468,      7938,     -7172,        1810,     -1856,      1786,     -2226,       8798) 

r = (         3,           5,         7,        11,        13,          17,        19,        23,         29,        31,        37,          41,        43,        47,        53,         59) 
s = (        61,          67,        71,        73,        79,          83,        89,        97,        101,       103,       107,         109,       113,       127,       131,        137) 
u = Expander(r, s) = (         0,           0,         0,         0,         0,        -114,      -372,      -270,       -476,      -370,       -80,        2208,      2248,      2444,      3058,       4788) 

r = (         3,           5,         7,        11,        13,          17,        19,        23,         29,        31,        37,          41,        43,        47,        53,         59) 
s = (        61,          67,        71,        73,        79,          83,        89,        97,        101,       103,       107,         109,       113,       127,       131,        137) 
u = Conserver(r, s) = (       183,         506,       640,       890,      1030,        1634,      1800,      2252,        -10,      1762,      3878,        1758,      3906,      1804,      4668,       4010) 

r = (         3,           5,         7,        11,        13,          17,        19,        23,         29,        31,        37,          41,        43,        47,        53,         59) 
s = (        61,          67,        71,        73,        79,          83,        89,        97,        101,       103,       107,         109,       113,       127,       131,        137) 
u = Shrinker(r, s) = (    -26909,      -22600,      4874,     11668,    -23868,       -1750,     11658,      -900,     -17140,      6074,      1292,        2880,     -2800,      3230,     -3268,          0) 

r = (         3,           5,         7,        11,        13,          17,        19,        23,         29,        31,        37,          41,        43,        47,        53,         59) 
s = (        61,          67,        71,        73,        79,          83,        89,        97,        101,       103,       107,         109,       113,       127,       131,        137) 
u = Symmetric(r, s) = (    -26726,      -23638,      3462,     13584,    -19210,       -1038,     13440,       944,     -15474,      8190,      3816,        5036,      5210,      5692,      6684,       9320) 

r = (         3,           5,         7,        11,        13,          17,        19,        23,         29,        31,        37,          41,        43,        47,        53,         59) 
s = (        61,          67,        71,        73,        79,          83,        89,        97,        101,       103,       107,         109,       113,       127,       131,        137) 
u = AntiSymmetric(r, s) = (         0,        1544,      2052,     -1026,     -3628,         808,      -354,       138,      -2152,      -724,      1274,        1810,     -1856,      1786,     -2226,       -522) 

r = (         3,           5,         7,        11,        13,          17,        19,        23,         29,        31,        37,          41,        43,        47,        53,         59) 
s = (        61,          67,        71,        73,        79,          83,        89,        97,        101,       103,       107,         109,       113,       127,       131,        137) 
u = Inner(r, s) = (    -26909,      -22600,      4874,     11668,    -23868,       -2324,     12014,      -750,     -17546,      5990,      1238,        2880,     -2800,      3230,     -3268,          0) 

r = (         3,           5,         7,        11,        13,          17,        19,        23,         29,        31,        37,          41,        43,        47,        53,         59) 
s = (        61,          67,        71,        73,        79,          83,        89,        97,        101,       103,       107,         109,       113,       127,       131,        137) 
u = LeftContraction(r, s) = (    -26726,       -6120,     -7716,     11734,    -10324,       -2152,      5402,     -1434,      -5036,      2036,      -456,       -1454,      1846,      -578,      1078,        411) 

r = (         3,           5,         7,        11,        13,          17,        19,        23,         29,        31,        37,          41,        43,        47,        53,         59) 
s = (        61,          67,        71,        73,        79,          83,        89,        97,        101,       103,       107,         109,       113,       127,       131,        137) 
u = RightContraction(r, s) = (    -26726,      -15974,     13230,       824,    -12514,        1114,      8038,      2378,     -10438,      6154,      4272,        7162,     -1684,      7056,      -720,       3599) 

r = (         3,           5,         7,        11,        13,          17,        19,        23,         29,        31,        37,          41,        43,        47,        53,         59) 
u = Determinant(r) =   11228592 

r = (         3,           5,         7,        11,        13,          17,        19,        23,         29,        31,        37,          41,        43,        47,        53,         59) 
u = Adjugate(r) = (     48252,      -82092,    -95020,    -71644,    -99804,     -108676,    -19948,    194284,    -112188,     35764,    -85700,     -197756,    -46748,     13972,   -166492,    -120580) 

