
Mink Routines Demo

PrintlnMV Demo
r = (         3,
           5,         7,        11,        13,
          17,        19,        23,         29,        31,        37,
          41,        43,        47,        53,
         59) 

PrintMV Demo
r = (         3,           5,         7,        11,        13,          17,        19,        23,         29,        31,        37,          41,        43,        47,        53,         59) 

OverBar Demo
r =              (         3,           5,         7,        11,        13,          17,        19,        23,         29,        31,        37,          41,        43,        47,        53,         59) 
u = OverBar(r) = (        59,         -53,        47,       -43,        41,          37,       -31,        29,         23,       -19,        17,         -13,        11,        -7,         5,          3) 
Determinant is conserved
s = r*u =       (         0,       -1380,     -2372,     -1604,         0,       -2900,     -1596,      -764,          0,         0,         0,           0,       972,      4492,     15724,      16752) 

UnderBar Demo
r =               (         3,           5,         7,        11,        13,          17,        19,        23,         29,        31,        37,          41,        43,        47,        53,         59) 
u = UnderBar(r) = (        59,          53,       -47,        43,       -41,          37,       -31,        29,         23,       -19,        17,          13,       -11,         7,        -5,          3) 
Determinant is conserved
s = r*u =        (         0,           0,         0,         0,     -1716,        2300,      4276,     11460,          0,         0,         0,       12140,         0,         0,         0,      -1072) 
t = OverBar(UnderBar(r)) =        (         3,           5,         7,        11,        13,          17,        19,        23,         29,        31,        37,          41,        43,        47,        53,         59) 

Reverse Demo
r =               (         3,           5,         7,        11,        13,          17,        19,        23,         29,        31,        37,          41,        43,        47,        53,         59) 
u = Reverse(r) = (         3,           5,         7,        11,        13,         -17,       -19,       -23,        -29,       -31,       -37,         -41,       -43,       -47,       -53,         59) 
Determinant is conserved
s = r*u =        (    -10624,      -10580,      2132,       924,      -612,           0,         0,         0,          0,         0,         0,           0,         0,         0,         0,       -812) 
t = Reverse(Reverse(r)) =        (         3,           5,         7,        11,        13,          17,        19,        23,         29,        31,        37,          41,        43,        47,        53,         59) 

Involution Demo
r =               (         3,           5,         7,        11,        13,          17,        19,        23,         29,        31,        37,          41,        43,        47,        53,         59) 
u = Involution(r) = (         3,          -5,        -7,       -11,       -13,          17,        19,        23,         29,        31,        37,         -41,       -43,       -47,       -53,         59) 
Determinant is conserved
s = r*u =        (     -6692,       -6156,      6016,     -3600,     -3300,        4684,     -1748,      4528,       -904,      3164,     -2996,        4876,      4184,     -3192,      2932,       1768) 
t = Involution(Involution(r)) =        (         3,           5,         7,        11,        13,          17,        19,        23,         29,        31,        37,          41,        43,        47,        53,         59) 

Transpose Demo
r =               (         3,           5,         7,        11,        13,          17,        19,        23,         29,        31,        37,          41,        43,        47,        53,         59) 
u = Transpose(r) = (         3,           5,         7,        11,       -13,         -17,       -19,       -23,         29,        31,        37,         -41,        43,        47,        53,        -59) 
Determinant is conserved
s = r*u =        (     16752,       15724,     -4492,       972,         0,           0,         0,         0,       -764,      1596,     -2900,           0,      1604,     -2372,      1380,          0) 
t = Transpose(Transpose(r)) =        (         3,           5,         7,        11,        13,          17,        19,        23,         29,        31,        37,          41,        43,        47,        53,         59) 

Conjugation Demo
r =               (         3,           5,         7,        11,        13,          17,        19,        23,         29,        31,        37,          41,        43,        47,        53,         59) 
u = Conjugation(r) = (         3,          -5,        -7,       -11,       -13,         -17,       -19,       -23,        -29,       -31,       -37,         -41,       -43,       -47,       -53,        -59) 
Determinant is not conserved
s = r*u =        (     -3714,       -4258,     -2986,      7406,      5686,       -4150,      5454,     -2454,       4350,     -1506,       794,        -338,      -346,      -226,      -434,      -1414) 
t = Conjugation(Conjugation(r)) =        (         3,           5,         7,        11,        13,          17,        19,        23,         29,        31,        37,          41,        43,        47,        53,         59) 

CliffordConjugation Demo
r =               (         3,           5,         7,        11,        13,          17,        19,        23,         29,        31,        37,          41,        43,        47,        53,         59) 
u = CliffordConjugation(r) = (         3,          -5,        -7,       -11,       -13,         -17,       -19,       -23,        -29,       -31,       -37,          41,        43,        47,        53,         59) 
Determinant is conserved
s = r*u =        (      -304,           0,         0,         0,         0,           0,         0,         0,          0,         0,         0,       -1900,     -1676,      1596,     -1868,      -1308) 
t = CliffordConjugation(CliffordConjugation(r)) =        (         3,           5,         7,        11,        13,          17,        19,        23,         29,        31,        37,          41,        43,        47,        53,         59) 

Dual Demo
r =               (         3,           5,         7,        11,        13,          17,        19,        23,         29,        31,        37,          41,        43,        47,        53,         59) 
u = Dual(r) = (        59,          53,       -47,        43,        41,         -37,        31,       -29,         23,       -19,        17,         -13,       -11,         7,        -5,         -3) 
Determinant is conserved
s = r*u =        (      1768,         752,      -508,       604,       584,         572,      1692,      4176,       2592,      5340,      4252,        5608,      7340,      3028,     -4288,      -3732) 
t = Dual(Dual(r)) =        (        -3,          -5,        -7,       -11,       -13,         -17,       -19,       -23,        -29,       -31,       -37,         -41,       -43,       -47,       -53,        -59) 

DorstDual Demo
r =               (         3,           5,         7,        11,        13,          17,        19,        23,         29,        31,        37,          41,        43,        47,        53,         59) 
u = Reverse(r) = (        59,          53,       -47,        43,        41,         -37,        31,       -29,         23,       -19,        17,         -13,       -11,         7,        -5,         -3) 
Determinant is conserved
s = r*u =        (      1768,         752,      -508,       604,       584,         572,      1692,      4176,       2592,      5340,      4252,        5608,      7340,      3028,     -4288,      -3732) 

DorstUnDual Demo
r =               (         3,           5,         7,        11,        13,          17,        19,        23,         29,        31,        37,          41,        43,        47,        53,         59) 
u = DorstUnDual(r) = (       -59,         -53,        47,       -43,       -41,          37,       -31,        29,        -23,        19,       -17,          13,        11,        -7,         5,          3) 
Determinant is conserved
s = r*u =        (     -1768,        -752,       508,      -604,      -584,        -572,     -1692,     -4176,      -2592,     -5340,     -4252,       -5608,     -7340,     -3028,      4288,       3732) 
DorstUnDual(DorstDual(r)) = (         3,           5,         7,        11,        13,          17,        19,        23,         29,        31,        37,          41,        43,        47,        53,         59) 
DorstDual(DorstUnDual(r)) = (         3,           5,         7,        11,        13,          17,        19,        23,         29,        31,        37,          41,        43,        47,        53,         59) 

  r = (         3,           5,         7,        11,        13,          17,        19,        23,         29,        31,        37,          41,        43,        47,        53,         59) 
  s = (        61,          67,        71,        73,        79,          83,        89,        97,        101,       103,       107,         109,       113,       127,       131,        137) 
r+s = (        64,          72,        78,        84,        92,         100,       108,       120,        130,       134,       144,         150,       156,       174,       184,        196) 

  r = (         3,           5,         7,        11,        13,          17,        19,        23,         29,        31,        37,          41,        43,        47,        53,         59) 
  s = (        61,          67,        71,        73,        79,          83,        89,        97,        101,       103,       107,         109,       113,       127,       131,        137) 
r-s = (       -58,         -62,       -64,       -62,       -66,         -66,       -70,       -74,        -72,       -72,       -70,         -68,       -70,       -80,       -78,        -78) 

r = (         3,           5,         7,        11,        13,          17,        19,        23,         29,        31,        37,          41,        43,        47,        53,         59) 
s = (        61,          67,        71,        73,        79,          83,        89,        97,        101,       103,       107,         109,       113,       127,       131,        137) 
t = (        61,          67,        71,        73,        79,          83,        89,        97,        101,       103,       107,         109,       113,       127,       131,        137) 
r != s (as expected)
s == t (as expected)

r = (         3,           5,         7,        11,        13,          17,        19,        23,         29,        31,        37,          41,        43,        47,        53,         59) 
s = (        61,          67,        71,        73,        79,          83,        89,        97,        101,       103,       107,         109,       113,       127,       131,        137) 
t = (        61,          67,        71,        73,        79,          83,        89,        97,        101,       103,       107,         109,       113,       127,       131,        137) 
r != s (as expected)
s == t (as expected)

r = (         3,           5,         7,        11,        13,          17,        19,        23,         29,        31,        37,          41,        43,        47,        53,         59) 
s = (        61,          67,        71,        73,        79,          83,        89,        97,        101,       103,       107,         109,       113,       127,       131,        137) 
u = r*s = (     10758,       12206,      6982,    -24854,    -22838,       11366,    -18846,      8478,     -17626,      7466,      5090,        3226,      3354,      7478,      4458,       8798) 

r = (         3,           5,         7,        11,        13,          17,        19,        23,         29,        31,        37,          41,        43,        47,        53,         59) 
u = r/2 = (         1,           2,         3,         5,         6,           8,         9,        11,         14,        15,        18,          20,        21,        23,        26,         29) 

r = (         3,           5,         7,        11,        13,          17,        19,        23,         29,        31,        37,          41,        43,        47,        53,         59) 
s = (        61,          67,        71,        73,        79,          83,        89,        97,        101,       103,       107,         109,       113,       127,       131,        137) 
u = Wedge(r, s) = (       183,         506,       640,       890,      1030,        1172,      1054,      1424,       1596,      1830,      2498,        5036,      5210,      5692,      6684,       8798) 

r = (         3,           5,         7,        11,        13,          17,        19,        23,         29,        31,        37,          41,        43,        47,        53,         59) 
s = (        61,          67,        71,        73,        79,          83,        89,        97,        101,       103,       107,         109,       113,       127,       131,        137) 
u = AntiWedge(r, s) = (      8798,       12026,     12606,     13960,     15598,        7172,      7938,      8468,      10082,      9968,     10808,       12048,     12558,     13932,     14990,       8083) 

r = (         3,           5,         7,        11,        13,          17,        19,        23,         29,        31,        37,          41,        43,        47,        53,         59) 
s = (        61,          67,        71,        73,        79,          83,        89,        97,        101,       103,       107,         109,       113,       127,       131,        137) 
u = Regressive(r, s) = (      9842,       12026,     12606,     13960,     15598,        7280,      7770,      9280,       9782,     10680,     11956,       12048,     12558,     13932,     14990,       8083) 

r = (         3,           5,         7,        11,        13,          17,        19,        23,         29,        31,        37,          41,        43,        47,        53,         59) 
s = (        61,          67,        71,        73,        79,          83,        89,        97,        101,       103,       107,         109,       113,       127,       131,        137) 
u = RegressiveViaFormula(r, s) = (      9842,       12026,     12606,     13960,     15598,        7280,      7770,      9280,       9782,     10680,     11956,       12048,     12558,     13932,     14990,       8083) 

r = (         3,           5,         7,        11,        13,          17,        19,        23,         29,        31,        37,          41,        43,        47,        53,         59) 
s = (        61,          67,        71,        73,        79,          83,        89,        97,        101,       103,       107,         109,       113,       127,       131,        137) 
u = LowerRightViaFormula(r, s) = (     -8083,         468,     -1054,       776,       814,       10808,     -9968,     10082,      -8468,      7938,     -7172,       -1810,     -1856,      1786,     -2226,       8798) 

r = (         3,           5,         7,        11,        13,          17,        19,        23,         29,        31,        37,          41,        43,        47,        53,         59) 
s = (        61,          67,        71,        73,        79,          83,        89,        97,        101,       103,       107,         109,       113,       127,       131,        137) 
u = Expander(r, s) = (         0,           0,         0,         0,         0,        -114,      -372,      -270,       -476,      -370,       -80,        2208,      2248,      2444,      3058,       4788) 

r = (         3,           5,         7,        11,        13,          17,        19,        23,         29,        31,        37,          41,        43,        47,        53,         59) 
s = (        61,          67,        71,        73,        79,          83,        89,        97,        101,       103,       107,         109,       113,       127,       131,        137) 
u = Conserver(r, s) = (       183,         506,       640,       890,      1030,        1346,       532,      1264,        -10,      1762,      3878,        3898,      3906,      1804,      4668,       4010) 

r = (         3,           5,         7,        11,        13,          17,        19,        23,         29,        31,        37,          41,        43,        47,        53,         59) 
s = (        61,          67,        71,        73,        79,          83,        89,        97,        101,       103,       107,         109,       113,       127,       131,        137) 
u = Shrinker(r, s) = (     10575,       11700,      6342,    -25744,    -23868,       10134,    -19006,      7484,     -17140,      6074,      1292,       -2880,     -2800,      3230,     -3268,          0) 

r = (         3,           5,         7,        11,        13,          17,        19,        23,         29,        31,        37,          41,        43,        47,        53,         59) 
s = (        61,          67,        71,        73,        79,          83,        89,        97,        101,       103,       107,         109,       113,       127,       131,        137) 
u = Symmetric(r, s) = (     10758,       11682,      9258,    -22316,    -19210,       11994,    -17936,      9028,     -15474,      8190,      3816,        5036,      5210,      5692,      6684,       9320) 

r = (         3,           5,         7,        11,        13,          17,        19,        23,         29,        31,        37,          41,        43,        47,        53,         59) 
s = (        61,          67,        71,        73,        79,          83,        89,        97,        101,       103,       107,         109,       113,       127,       131,        137) 
u = AntiSymmetric(r, s) = (         0,         524,     -2276,     -2538,     -3628,        -628,      -910,      -550,      -2152,      -724,      1274,       -1810,     -1856,      1786,     -2226,       -522) 

r = (         3,           5,         7,        11,        13,          17,        19,        23,         29,        31,        37,          41,        43,        47,        53,         59) 
s = (        61,          67,        71,        73,        79,          83,        89,        97,        101,       103,       107,         109,       113,       127,       131,        137) 
u = Inner(r, s) = (     10575,       11700,      6342,    -25744,    -23868,       10708,    -19362,      7334,     -17546,      5990,      1238,       -2880,     -2800,      3230,     -3268,          0) 

r = (         3,           5,         7,        11,        13,          17,        19,        23,         29,        31,        37,          41,        43,        47,        53,         59) 
s = (        61,          67,        71,        73,        79,          83,        89,        97,        101,       103,       107,         109,       113,       127,       131,        137) 
u = LeftContraction(r, s) = (     10758,       -1612,     10980,    -12754,    -10324,        5048,     -6394,      3106,      -5036,      2036,      -456,        2108,      1846,      -578,      1078,        411) 

r = (         3,           5,         7,        11,        13,          17,        19,        23,         29,        31,        37,          41,        43,        47,        53,         59) 
s = (        61,          67,        71,        73,        79,          83,        89,        97,        101,       103,       107,         109,       113,       127,       131,        137) 
u = RightContraction(r, s) = (     10758,       13818,     -3998,    -12100,    -12514,        6946,    -11542,      5922,     -10438,      6154,      4272,       -2160,     -1684,      7056,      -720,       3599) 

r = (         3,           5,         7,        11,        13,          17,        19,        23,         29,        31,        37,          41,        43,        47,        53,         59) 
u = Determinant(r) =   -3432336 

r = (         3,           5,         7,        11,        13,          17,        19,        23,         29,        31,        37,          41,        43,        47,        53,         59) 
u = Adjugate(r) = (    -59924,       93204,    101156,     89908,    103556,      130044,     47380,   -163556,      57188,   -157996,     41372,      141892,    120068,    -62028,    -20924,     -28260) 

